time	CRP	PC	PC/CRP	C4	C4a	C4b	C2	C1	PC/CRP/C1	C2a	C2b	C4b/C2a	C3	C3a	C3b	dC3b	MASP	dC4b/C2a	GlcNac	GlcNac/LF	LF	GlcNac/LF/MASP	PC/CRP/LF	PC/CRP/LF/MASP	GlcNac/LF/CRP	GlcNac/LF/CRP/C1	C4BP	C4BP/PC/CRP	C4BP/GlcNac/LF/CRP	iC4b/C2a	C4BP/C4b	C4b/C2a/C4BP	dC4b/C2a/C4BP	PC/CRP/LF/C1	C4BP/PC/CRP/LF	GlcNac/LF/CRP/MASP	PC/CRP/LF/C1/MASP	GlcNac/LF/C1/MASP	GlcNac/HF	HF	GlcNac/HF/MASP	X	alues[mC3	nnamed: 4
0	2.0	0.0327796	0.0	770.0	0.0	0.0	310.0	2470.0	0.0	0.0	0.0	0.0	4650.0	0.0	0.0	0.0	6.8	0.0	0.0	0.0	20.0	0.0	0.0	0.0	0.0	0.0	260.0	0.0	0.0	0.0	0.0	0.0	0.0	0.0	0	0.0	0.0	0	0.0	0.0	0.0	0.0005	0.0	
20	1.97817	0.0109465	8.26347e-06	769.997	0.00335912	2.28733e-05	309.997	2470.0	0.000281637	0.00319754	0.00319758	1.58093e-10	4650.0	1.71539e-09	5.470309999999999e-10	1.8418500000000002e-10	6.8	4.70353e-12	4.0662799999999995e-32	1.45704e-30	20.0	3.65776e-30	5.69246e-09	8.10704e-10	1.6547799999999997e-36	3.4662799999999997e-35	258.202	0.0215429	3.09859e-33	9.89709e-09	0.00333622	2.0922999999999998e-08	6.02284e-10	8.06852e-08	0	2.6152799999999996e-36	1.33027e-07	0	6.25688e-31	5.50903e-31	1.80416e-30	0.0005	1.8418500000000002e-10	
40	1.9709	0.00368308	8.65385e-06	769.9860000000001	0.013880200000000002	9.071940000000001e-05	309.987	2470.0	0.000582666	0.0132051	0.0132059	2.72606e-09	4650.0	5.8606499999999996e-08	1.1643600000000001e-08	4.350199999999999e-09	6.8	1.44913e-10	4.0728999999999994e-32	1.4587499999999998e-30	20.0	3.65193e-30	6.00898e-09	9.49782e-10	2.7632999999999996e-36	1.13861e-34	256.423	0.0285047	7.0873e-33	3.3618200000000004e-07	0.0137887	3.9380499999999997e-07	2.05098e-08	1.50307e-07	0	5.5095499999999996e-36	3.0316400000000003e-07	0	4.82222e-31	1.11023e-30	1.38829e-30	0.0005	4.350199999999999e-09	
60	1.9684599999999999	0.00124302	8.77385e-06	769.9680000000001	0.0317868	0.00020571	309.97	2470.0	0.000885508	0.0302305	0.030235500000000002	1.4497400000000001e-08	4650.0	4.66997e-07	6.72516e-08	2.6040799999999997e-08	6.8	1.11394e-09	4.06969e-32	1.4576e-30	20.0	3.64903e-30	6.13627e-09	1.0669300000000002e-09	3.87385e-36	2.31435e-34	254.65400000000002	0.030641599999999998	1.1026599999999999e-32	2.6633499999999997e-06	0.031576099999999996	2.1503900000000003e-06	1.62802e-07	2.21056e-07	0	8.301869999999998e-36	4.789410000000001e-07	0	3.7138800000000002e-31	1.54036e-30	1.0689799999999998e-30	0.0005	2.6040799999999997e-08	
80	1.96764	0.000420633	8.80127e-06	769.943	0.0570371	0.000368464	309.94599999999997	2470.0	0.00118412	0.0542256	0.054245100000000004	4.73346e-08	4650.0	2.03561e-06	2.2945e-07	9.04561e-08	6.8	4.772159999999999e-09	4.0664699999999995e-32	1.45644e-30	20.0	3.64614e-30	6.19865e-09	1.17637e-09	4.988269999999999e-36	3.8667400000000005e-34	252.891	0.0311651	1.4921899999999997e-32	1.15423e-05	0.0566492	7.092410000000001e-06	7.06786e-07	2.92082e-07	0	1.1088199999999999e-35	6.563639999999999e-07	0	2.8616499999999995e-31	1.87109e-30	8.234319999999999e-31	0.0005	9.04561e-08	
100	1.9673599999999998	0.000143155	8.79803e-06	769.91	0.0895002	0.00057905	309.915	2470.0	0.00147657	0.0850522	0.08510830000000001	1.1815799999999999e-07	4650.0	6.36475e-06	5.88578e-07	2.3454399999999999e-07	6.8	1.47792e-08	4.06325e-32	1.45529e-30	20.0	3.64326e-30	6.23945e-09	1.2831199999999998e-09	6.10687e-36	5.78904e-34	251.13299999999998	0.0311499	1.8776e-32	3.58802e-05	0.0888651	1.77639e-05	2.20077e-06	3.63099e-07	0	1.38826e-35	8.340819999999999e-07	0	2.20634e-31	2.1253599999999997e-30	6.3467e-31	0.0005	2.3454399999999999e-07	
120	1.96727	4.94953e-05	8.78533e-06	769.8710000000001	0.129019	0.000837324	309.877	2470.0	0.00176233	0.12253900000000001	0.122673	2.4885e-07	4650.0	1.6121800000000002e-05	1.2627200000000001e-06	5.067920000000001e-07	6.8	3.72273e-08	4.0600199999999997e-32	1.4541299999999997e-30	20.0	3.64039e-30	6.2735200000000005e-09	1.38888e-09	7.22991e-36	8.07476e-34	249.38099999999997	0.0309575	2.2590199999999998e-32	9.03566e-05	0.128047	3.74088e-05	5.55101e-06	4.34018e-07	0	1.66875e-35	1.01165e-06	0	1.7026700000000001e-31	2.32088e-30	4.895539999999999e-31	0.0005	5.067920000000001e-07	
140	1.96724	1.78763e-05	8.77039e-06	769.825	0.175428	0.00114304	309.83299999999997	2470.0	0.00204137	0.166502	0.16678199999999999	4.66127e-07	4650.0	3.53108e-05	2.39705e-06	9.66957e-07	6.8	8.12706e-08	4.0568499999999995e-32	1.453e-30	20.0	3.63751e-30	6.3059200000000005e-09	1.49425e-09	8.357610000000001e-36	1.0717599999999998e-33	247.635	0.0307099	2.63653e-32	0.00019675200000000002	0.174006	6.99262e-05	1.2105999999999999e-05	5.04815e-07	0	1.95037e-35	1.1889499999999999e-06	0	1.31529e-31	2.4712099999999996e-30	3.7792999999999997e-31	0.0005	9.66957e-07	
160	1.96723	7.2000699999999995e-06	8.755639999999999e-06	769.7710000000001	0.22856700000000002	0.0014959	309.783	2470.0	0.00231378	0.216745	0.21727600000000002	8.013989999999999e-07	4650.0	6.95341e-05	4.16301e-06	1.6857299999999998e-06	6.8	1.59746e-07	4.053719999999999e-32	1.4518799999999998e-30	20.0	3.6347599999999995e-30	6.33834e-09	1.59946e-09	9.49018e-36	1.3711600000000001e-33	245.893	0.030447900000000003	3.0102099999999997e-32	0.00038518300000000004	0.226541	0.000119821	2.37356e-05	5.75492e-07	0	2.2331799999999997e-35	1.36594e-06	0	1.0175199999999999e-31	2.5868e-30	2.9215399999999995e-31	0.0005	1.6857299999999998e-06	
180	1.96722	3.5939599999999996e-06	8.74188e-06	769.712	0.28827600000000003	0.00189552	309.726	2470.0	0.00257976	0.27307	0.27400399999999997	1.2905799999999998e-06	4650.0	0.000126246	6.75735e-06	2.7443400000000004e-06	6.8	2.89784e-07	4.05053e-32	1.4507299999999997e-30	20.0	3.63193e-30	6.371369999999999e-09	1.70457e-09	1.06278e-35	1.7050899999999998e-33	244.157	0.0301853	3.38012e-32	0.0006952460000000001	0.285447	0.000192155	4.2904499999999996e-05	6.46056e-07	0	2.51723e-35	1.5426400000000001e-06	0	7.884860000000001e-32	2.67567e-30	2.2616999999999995e-31	0.0005	2.7443400000000004e-06	
200	1.96722	2.37481e-06	8.72936e-06	769.6460000000001	0.3544	0.00234148	309.663	2470.0	0.00283947	0.33526500000000004	0.33681300000000003	1.97387e-06	4650.0	0.000214994	1.0400899999999999e-05	4.23404e-06	6.8	4.93399e-07	4.04745e-32	1.44963e-30	20.0	3.6290699999999994e-30	6.4051899999999995e-09	1.8096400000000002e-09	1.1770699999999999e-35	2.0729699999999998e-33	242.42700000000002	0.029926599999999998	3.74633e-32	0.00117704	0.35051	0.000292486	7.27395e-05	7.165160000000001e-07	0	2.8025799999999997e-35	1.7190700000000002e-06	0	6.12319e-32	2.74401e-30	1.7541699999999999e-31	0.0005	4.23404e-06	
220	1.96722	1.9616700000000002e-06	8.71817e-06	769.573	0.42678900000000003	0.00283325	309.594	2470.0	0.0030930999999999997	0.403114	0.405559	2.89548e-06	4650.0	0.000347647	1.53371e-05	6.2555099999999995e-06	6.8	7.98059e-07	4.0442099999999997e-32	1.44847e-30	20.0	3.62618e-30	6.43985e-09	1.91467e-09	1.2919000000000002e-35	2.47427e-33	240.702	0.0296731	4.1088699999999995e-32	0.0018920999999999999	0.42151099999999997	0.000426809	0.00011708899999999999	7.86883e-07	0	3.08926e-35	1.8952599999999998e-06	0	4.769769999999999e-32	2.7965499999999996e-30	1.3640999999999997e-31	0.0005	6.2555099999999995e-06	
240	1.96722	1.8208099999999999e-06	8.70829e-06	769.495	0.505297	0.00337024	309.52	2470.0	0.00334084	0.476389	0.480099	4.1033e-06	4650.0	0.000538607	2.1830100000000003e-05	8.91812e-06	6.8	1.2372200000000001e-06	4.0410199999999997e-32	1.4473299999999999e-30	20.0	3.62331e-30	6.4753700000000006e-09	2.01969e-09	1.4072799999999998e-35	2.9084599999999997e-33	238.984	0.029425299999999998	4.4678e-32	0.00291414	0.498216	0.000601485	0.00018057700000000002	8.571680000000001e-07	0	3.37731e-35	2.0712400000000004e-06	0	3.7294699999999994e-32	2.83694e-30	1.06441e-31	0.0005	8.91812e-06	
260	1.96722	1.77205e-06	8.69971e-06	769.41	0.589783	0.00395176	309.44	2470.0	0.00358284	0.554852	0.560295	5.64851e-06	4650.0	0.0008050039999999999	3.0163000000000002e-05	1.2339000000000002e-05	6.8	1.8508199999999998e-06	4.03782e-32	1.44618e-30	20.0	3.6204599999999996e-30	6.51173e-09	2.1247099999999998e-09	1.5232399999999998e-35	3.37502e-33	237.271	0.029183099999999997	4.823169999999999e-32	0.00432974	0.580388	0.00082317	0.000268642	9.27381e-07	0	3.66677e-35	2.24702e-06	0	2.92954e-32	2.8680099999999997e-30	8.3397e-32	0.0005	1.2339000000000002e-05	
280	1.96722	1.7545500000000002e-06	8.69242e-06	769.32	0.680108	0.00457704	309.35400000000004	2470.0	0.0038193000000000003	0.638258	0.6460130000000001	7.58516e-06	4650.0	0.00116686	4.06348e-05	1.66423e-05	6.8	2.68573e-06	4.03464e-32	1.4450399999999998e-30	20.0	3.6176199999999996e-30	6.5489399999999995e-09	2.22975e-09	1.6398e-35	3.8734699999999996e-33	235.565	0.0289464	5.17503e-32	0.00623883	0.667775	0.00109873	0.000387574	9.97534e-07	0	3.9577099999999993e-35	2.42263e-06	0	2.3139599999999996e-32	2.8918999999999997e-30	6.56642e-32	0.0005	1.66423e-05	
300	1.96722	1.7477599999999998e-06	8.68637e-06	769.2239999999999	0.776139	0.00524516	309.263	2470.0	0.00405037	0.726345	0.737122	9.96963e-06	4650.0	0.00164723	5.35584e-05	2.19575e-05	6.8	3.7961400000000002e-06	4.03148e-32	1.4438999999999998e-30	20.0	3.614509999999999e-30	6.58697e-09	2.33481e-09	1.7569599999999997e-35	4.403319999999999e-33	233.86599999999999	0.0287151	5.523439999999999e-32	0.00875498	0.760117	0.00143516	0.000544536	1.06763e-06	0	4.25014e-35	2.5981099999999996e-06	0	1.9200299999999998e-32	2.91035e-30	5.56573e-32	0.0005	2.19575e-05	
320	1.96722	1.74477e-06	8.68154e-06	769.122	0.8777469999999999	0.00595515	309.16700000000003	2470.0	0.00427621	0.8188449999999999	0.8334950000000001	1.2860099999999999e-05	4650.0	0.00227233	6.92569e-05	2.84188e-05	6.8	5.24388e-06	4.0280000000000004e-32	1.4426599999999998e-30	20.0	3.611639999999999e-30	6.625810000000001e-09	2.43992e-09	1.87473e-35	4.96411e-33	232.174	0.028488999999999997	5.86841e-32	0.0120056	0.857142	0.00183949	0.000747572	1.1376899999999999e-06	0	4.5441e-35	2.77348e-06	0	1.5572199999999998e-32	2.92537e-30	4.3852800000000003e-32	0.0005	2.84188e-05	
340	1.96722	1.74321e-06	8.677910000000001e-06	769.015	0.984806	0.00670588	309.065	2470.0	0.00449699	0.9154770000000001	0.935009	1.63159e-05	4650.0	0.00307161	8.806040000000001e-05	3.61632e-05	6.8	7.0986399999999995e-06	4.02482e-32	1.4415200000000001e-30	20.0	3.6088e-30	6.665439999999999e-09	2.54507e-09	1.99315e-35	5.555409999999999e-33	230.488	0.028268	6.21e-32	0.016131899999999998	0.958568	0.00231869	0.00100561	1.20772e-06	0	4.83963e-35	2.9487599999999998e-06	0	1.25878e-32	2.93694e-30	3.5257199999999996e-32	0.0005	3.61632e-05	
360	1.96722	1.7422900000000002e-06	8.67545e-06	768.903	1.0971899999999999	0.00749611	308.95799999999997	2470.0	0.00471285	1.01595	1.04154	2.03968e-05	4650.0	0.00407779	0.000110302	4.53292e-05	6.8	9.43815e-06	4.02165e-32	1.4403899999999998e-30	20.0	3.60595e-30	6.7058700000000005e-09	2.65029e-09	2.11222e-35	6.17676e-33	228.81	0.0280519	6.548269999999999e-32	0.0212885	1.0641	0.00287957	0.00132843	1.27773e-06	0	5.136779999999999e-35	3.12397e-06	0	1.0294399999999998e-32	2.9458499999999997e-30	2.86499e-32	0.0005	4.53292e-05	
380	1.96722	1.74174e-06	8.674119999999999e-06	768.785	1.21479	0.00832451	308.847	2470.0	0.00492395	1.11996	1.15298	2.5162399999999998e-05	4649.99	0.00532688	0.000136315	5.6055100000000005e-05	6.8	1.23482e-05	4.0184800000000003e-32	1.43925e-30	20.0	3.60311e-30	6.74706e-09	2.75559e-09	2.23195e-35	6.82777e-33	227.139	0.0278406	6.883260000000001e-32	0.027643400000000002	1.17344	0.00352869	0.00172666	1.3477200000000002e-06	0	5.435579999999999e-35	3.2991399999999997e-06	0	8.53101e-33	2.95269e-30	2.35696e-32	0.0005	5.6055100000000005e-05	
400	1.96722	1.7414700000000002e-06	8.6739e-06	768.663	1.33749	0.00918961	308.731	2469.99	0.00513043	1.22719	1.26922	3.06715e-05	4649.99	0.00685813	0.000166427	6.84773e-05	6.8	1.59227e-05	4.01532e-32	1.43812e-30	20.0	3.60028e-30	6.7890099999999995e-09	2.86098e-09	2.3523699999999997e-35	7.508029999999999e-33	225.476	0.0276339	7.215e-32	0.035377	1.2862799999999999	0.00427223	0.00221173	1.41771e-06	0	5.73606e-35	3.4742900000000005e-06	0	7.1752e-33	2.95795e-30	1.96634e-32	0.0005	6.84773e-05	
420	1.96722	1.74143e-06	8.674760000000001e-06	768.535	1.46517	0.0100898	308.61	2469.99	0.00533242	1.33733	1.3901299999999999	3.69807e-05	4649.99	0.008714	0.000200957	8.27284e-05	6.8	2.02633e-05	4.0121599999999993e-32	1.4369899999999998e-30	20.0	3.59744e-30	6.83171e-09	2.96646e-09	2.47347e-35	8.21715e-33	223.821	0.027431599999999997	7.54353e-32	0.0446815	1.40228	0.00511594	0.00279577	1.4877100000000002e-06	0	6.038269999999999e-35	3.64944e-06	0	6.132689999999999e-33	2.962e-30	1.66599e-32	0.0005	8.27284e-05	
440	1.96722	1.7416099999999998e-06	8.676669999999999e-06	768.4019999999999	1.5977299999999999	0.0110234	308.48400000000004	2469.99	0.00553007	1.45004	1.51562	4.41446e-05	4649.99	0.01094	0.000240211	9.89357e-05	6.8	2.54793e-05	4.0089999999999993e-32	1.4358600000000001e-30	20.0	3.59461e-30	6.8751300000000004e-09	3.07205e-09	2.59528e-35	8.95476e-33	222.174	0.0272337	7.86891e-32	0.055759500000000004	1.5211299999999999	0.00606501	0.0034915999999999997	1.5577200000000003e-06	0	6.342209999999999e-35	3.8246199999999995e-06	0	5.331140000000001e-33	2.9651099999999995e-30	1.43506e-32	0.0005	9.89357e-05	
460	1.96722	1.7420099999999999e-06	8.6796e-06	768.265	1.7350599999999998	0.0119887	308.35400000000004	2469.99	0.00572351	1.565	1.6455799999999998	5.22142e-05	4649.99	0.0135845	0.000284475	0.00011721899999999999	6.8	3.16873e-05	4.00584e-32	1.4347299999999998e-30	20.0	3.59178e-30	6.919260000000001e-09	3.17776e-09	2.71781e-35	9.720479999999999e-33	220.53599999999997	0.027039999999999998	8.19115e-32	0.0688235	1.6424900000000002	0.00712397	0.004312600000000001	1.62775e-06	0	6.647929999999999e-35	3.99985e-06	0	4.714829999999999e-33	2.9674999999999997e-30	1.2575e-32	0.0005	0.00011721899999999999	
480	1.96722	1.74261e-06	8.683530000000001e-06	768.123	1.87706	0.012983600000000001	308.22	2469.99	0.00591286	1.68186	1.7799099999999999	6.123640000000001e-05	4649.98	0.016698599999999997	0.00033401599999999997	0.000137689	6.8	3.90105e-05	4.0030099999999994e-32	1.43371e-30	20.0	3.58883e-30	6.964100000000001e-09	3.2835999999999997e-09	2.8410599999999995e-35	1.0513999999999998e-32	218.907	0.026850400000000003	8.510300000000001e-32	0.084094	1.76603	0.00829666	0.00527264	1.6978099999999997e-06	0	6.95545e-35	4.17514e-06	0	4.24781e-33	2.96934e-30	1.12022e-32	0.0005	0.000137689	
500	1.96722	1.7434099999999998e-06	8.68842e-06	767.9760000000001	2.0236400000000003	0.0140063	308.08099999999996	2469.99	0.00609825	1.8002799999999999	1.91851	7.12537e-05	4649.98	0.0203359	0.00038907300000000003	0.000160447	6.8	4.7578100000000004e-05	3.99962e-32	1.4324899999999998e-30	20.0	3.5861e-30	7.009609999999999e-09	3.38957e-09	2.9650499999999995e-35	1.1334899999999998e-32	217.28599999999997	0.026664799999999995	8.82644e-32	0.101798	1.8913900000000001	0.00958608	0.00638594	1.76791e-06	0	7.264829999999999e-35	4.35052e-06	0	3.87759e-33	2.9707599999999994e-30	1.01548e-32	0.0005	0.000160447	
520	1.96722	1.7444099999999998e-06	8.694249999999999e-06	767.825	2.17469	0.0150546	307.939	2469.99	0.00627981	1.9199	2.06129	8.230270000000001e-05	4649.98	0.0245521	0.00044985699999999996	0.000185579	6.8	5.75246e-05	3.99639e-32	1.4313399999999997e-30	20.0	3.5833e-30	7.0557999999999996e-09	3.4957e-09	3.08976e-35	1.2182899999999998e-32	215.675	0.026483	9.139510000000001e-32	0.12216800000000001	2.01824	0.0109944	0.00766697	1.8380500000000001e-06	0	7.576e-35	4.526e-06	0	3.62823e-33	2.9718499999999997e-30	9.314639999999999e-33	0.0005	0.000185579	
540	1.96722	1.7455900000000002e-06	8.70099e-06	767.67	2.33012	0.016126400000000003	307.79200000000003	2469.99	0.00645763	2.0404	2.20816	9.441440000000001e-05	4649.97	0.029404900000000005	0.0005165430000000001	0.000213161	6.8	6.89892e-05	3.99355e-32	1.4303399999999999e-30	20.0	3.5803500000000004e-30	7.10264e-09	3.6019699999999997e-09	3.2152399999999996e-35	1.30577e-32	214.07299999999998	0.026304900000000003	9.449569999999999e-32	0.14544	2.14624	0.0125229	0.00913031	1.90824e-06	0	7.88903e-35	4.70161e-06	0	3.42386e-33	2.9726999999999997e-30	8.669040000000001e-33	0.0005	0.000213161	
560	1.96722	1.74696e-06	8.70861e-06	767.51	2.48985	0.0172195	307.64099999999996	2469.99	0.00663185	2.1614299999999997	2.3590299999999997	0.00010761299999999999	4649.97	0.0349533	0.000589274	0.000243251	6.8	8.21143e-05	3.9912699999999994e-32	1.4294399999999998e-30	20.0	3.5772900000000005e-30	7.15012e-09	3.70842e-09	3.34151e-35	1.3959e-32	212.481	0.0261304	9.7568e-32	0.17185	2.27503	0.0141719	0.0107905	1.9784999999999998e-06	0	8.20407e-35	4.87736e-06	0	3.19423e-33	2.97348e-30	8.11621e-33	0.0005	0.000243251	
580	1.96722	1.7484999999999999e-06	8.71709e-06	767.346	2.6537900000000003	0.0183317	307.486	2469.99	0.00680257	2.2826400000000002	2.5138	0.000121916	4649.96	0.0412576	0.00066815	0.000275893	6.799989999999999	9.704479999999999e-05	3.9867800000000003e-32	1.42799e-30	20.0	3.57484e-30	7.19823e-09	3.81503e-09	3.46851e-35	1.4886499999999998e-32	210.899	0.025959500000000003	1.0061099999999999e-31	0.20163399999999998	2.4043	0.015940700000000002	0.012662	2.04882e-06	0	8.520990000000001e-35	5.05327e-06	0	2.8694499999999997e-33	2.9736700000000002e-30	8.227399999999998e-33	0.0005	0.000275893	
600	1.96722	1.7502099999999998e-06	8.72639e-06	767.178	2.82185	0.019460599999999998	307.328	2469.99	0.0069699	2.4037	2.6724	0.00013733299999999998	4649.95	0.0483788	0.000753235	0.000311113	6.799989999999999	0.00011392700000000001	3.9831800000000004e-32	1.4267099999999998e-30	20.0	3.5723299999999995e-30	7.246939999999999e-09	3.92182e-09	3.5962199999999996e-35	1.5839799999999997e-32	209.328	0.025791900000000003	1.03624e-31	0.23502800000000001	2.5337	0.017827799999999998	0.014758799999999999	2.11922e-06	0	8.839639999999999e-35	5.229349999999999e-06	0	2.9915199999999995e-33	2.9738299999999995e-30	7.873329999999999e-33	0.0005	0.000311113	
620	1.96722	1.75209e-06	8.73648e-06	767.0060000000001	2.99395	0.020604	307.165	2469.99	0.00713393	2.5243	2.83474	0.00015386799999999998	4649.94	0.0563783	0.000844549	0.000348922	6.799989999999999	0.000132908	3.98084e-32	1.4257699999999999e-30	20.0	3.56933e-30	7.29625e-09	4.02881e-09	3.72474e-35	1.68187e-32	207.767	0.0256276	1.06608e-31	0.27226100000000003	2.6629099999999997	0.0198305	0.0170946	2.18969e-06	0	9.160269999999999e-35	5.40563e-06	0	2.96904e-33	2.9741799999999998e-30	7.54703e-33	0.0005	0.000348922	
640	1.96722	1.75412e-06	8.74735e-06	766.83	3.17002	0.021759599999999997	306.999	2469.99	0.00729478	2.64411	3.00074	0.00017151400000000003	4649.93	0.0653174	0.000942071	0.00038931	6.799989999999999	0.00015413299999999998	3.9776800000000003e-32	1.4246399999999999e-30	20.0	3.56653e-30	7.34614e-09	4.13598e-09	3.85402e-35	1.7822900000000002e-32	206.217	0.0254665	1.09563e-31	0.31355700000000003	2.79163	0.0219454	0.019682400000000003	2.26026e-06	0	9.482809999999999e-35	5.58212e-06	0	2.8989799999999997e-33	2.9744499999999997e-30	7.34337e-33	0.0005	0.00038931	
660	1.96722	1.7563200000000002e-06	8.75897e-06	766.65	3.34996	0.022925099999999997	306.83	2469.99	0.00745253	2.76283	3.17033	0.00019026	4649.92	0.0752569	0.00104574	0.000432253	6.799989999999999	0.000177745	3.9745499999999993e-32	1.42352e-30	20.0	3.563719999999999e-30	7.3966e-09	4.24336e-09	3.98406e-35	1.88522e-32	204.678	0.0253085	1.12491e-31	0.359133	2.91955	0.024168099999999998	0.022534400000000003	2.33091e-06	0	9.80729e-35	5.75884e-06	0	2.8446799999999997e-33	2.97466e-30	7.18706e-33	0.0005	0.000432253	
680	1.96722	1.75866e-06	8.7713e-06	766.466	3.5337199999999998	0.0240982	306.657	2469.99	0.00760728	2.8801799999999997	3.3434199999999996	0.000210087	4649.91	0.0862568	0.00115545	0.00047770800000000003	6.799989999999999	0.00020388400000000002	3.9714199999999994e-32	1.4224e-30	20.0	3.5609099999999996e-30	7.44761e-09	4.35095e-09	4.1148799999999996e-35	1.99062e-32	203.15	0.025153400000000003	1.1539e-31	0.409194	3.04638	0.026493400000000004	0.025662099999999997	2.40167e-06	0	1.01337e-34	5.935790000000001e-06	0	2.80296e-33	2.97482e-30	7.066869999999999e-33	0.0005	0.00047770800000000003	
700	1.96722	1.76114e-06	8.78433e-06	766.279	3.7212099999999997	0.0252769	306.48	2469.99	0.00775912	2.99588	3.5199599999999998	0.000230967	4649.9	0.0983758	0.00127105	0.000525618	6.799989999999999	0.000232685	3.96829e-32	1.4212799999999997e-30	20.0	3.5581099999999994e-30	7.49916e-09	4.45875e-09	4.24648e-35	2.09847e-32	201.63299999999998	0.0250013	1.18262e-31	0.463937	3.1718599999999997	0.0289153	0.0290758	2.47252e-06	0	1.0462e-34	6.113e-06	0	2.7708999999999997e-33	2.9749499999999998e-30	6.9745e-33	0.0005	0.000525618	
720	1.96722	1.7637700000000002e-06	8.79803e-06	766.0880000000001	3.9123699999999997	0.026458799999999998	306.3	2469.99	0.00790815	3.10967	3.6998599999999997	0.000252868	4649.89	0.111671	0.00139238	0.000575907	6.799989999999999	0.000264277	3.965169999999999e-32	1.4201599999999998e-30	20.0	3.55531e-30	7.55123e-09	4.566770000000001e-09	4.37885e-35	2.20874e-32	200.128	0.024852000000000003	1.2110699999999998e-31	0.523544	3.2957300000000003	0.0314273	0.0327849	2.54349e-06	0	1.07923e-34	6.29048e-06	0	2.7462699999999998e-33	2.97504e-30	6.90354e-33	0.0005	0.000575907	
740	1.96722	1.76652e-06	8.81237e-06	765.893	4.107130000000001	0.027642	306.117	2469.99	0.00805443	3.22131	3.88305	0.000275749	4649.87	0.126197	0.0015192	0.000628487	6.799989999999999	0.000298784	3.96205e-32	1.41904e-30	20.0	3.5525099999999996e-30	7.60381e-09	4.67502e-09	4.511989999999999e-35	2.32142e-32	198.635	0.024705500000000002	1.23924e-31	0.5881850000000001	3.41775	0.0340221	0.0367974	2.61457e-06	0	1.11245e-34	6.46823e-06	0	2.7273e-33	2.9751199999999997e-30	6.84889e-33	0.0005	0.000628487	
760	1.96722	1.7694099999999998e-06	8.827339999999999e-06	765.695	4.30543	0.0288245	305.931	2469.99	0.00819807	3.3305800000000003	4.06948	0.000299567	4649.86	0.142007	0.00165128	0.000683256	6.799989999999999	0.00033632	3.9589300000000003e-32	1.4179199999999999e-30	20.0	3.54971e-30	7.65689e-09	4.7835e-09	4.6458999999999997e-35	2.4364699999999998e-32	197.153	0.0245616	1.26714e-31	0.658015	3.5377099999999997	0.036691900000000006	0.0411201	2.6857699999999998e-06	0	1.1458699999999999e-34	6.6462800000000005e-06	0	2.7127199999999993e-33	2.97517e-30	6.80688e-33	0.0005	0.000683256	
780	1.96722	1.77242e-06	8.8429e-06	765.493	4.5071900000000005	0.030004400000000004	305.741	2469.99	0.00833912	3.4372800000000003	4.2590699999999995	0.000324271	4649.84	0.159151	0.00178835	0.0007401010000000001	6.799989999999999	0.00037699	3.95581e-32	1.41681e-30	20.0	3.546919999999999e-30	7.71045e-09	4.89221e-09	4.78059e-35	2.55388e-32	195.68400000000003	0.0244203	1.29478e-31	0.733173	3.65539	0.0394287	0.0457586	2.75709e-06	0	1.1794799999999998e-34	6.824639999999999e-06	0	2.7015100000000003e-33	2.9752199999999997e-30	6.77457e-33	0.0005	0.0007401010000000001	
800	1.96722	1.7755599999999997e-06	8.85904e-06	765.288	4.71235	0.031180000000000003	305.548	2469.99	0.00847769	3.54123	4.45176	0.000349807	4649.82	0.177676	0.0019301	0.0007988989999999999	6.799989999999999	0.000420891	3.95269e-32	1.4156899999999998e-30	20.0	3.5441199999999996e-30	7.76449e-09	5.001180000000001e-09	4.916039999999999e-35	2.67361e-32	194.226	0.0242814	1.32215e-31	0.8137800000000001	3.77063	0.0422241	0.0507168	2.8285500000000002e-06	0	1.21328e-34	7.00332e-06	0	2.69287e-33	2.9752499999999996e-30	6.749689999999999e-33	0.0005	0.0007988989999999999	
820	1.96722	1.7788e-06	8.87574e-06	765.079	4.92086	0.0323496	305.353	2469.99	0.00861383	3.64225	4.64749	0.00037611800000000005	4649.8	0.197626	0.00207621	0.000859517	6.799989999999999	0.000468108	3.94958e-32	1.4145799999999998e-30	20.0	3.54133e-30	7.81899e-09	5.11038e-09	5.052269999999999e-35	2.7956500000000003e-32	192.78099999999998	0.024145	1.3492699999999999e-31	0.8999440000000001	3.8832699999999996	0.0450695	0.05599730000000001	2.9001400000000002e-06	0	1.2472699999999998e-34	7.1823199999999995e-06	0	2.6862299999999998e-33	2.9752699999999998e-30	6.73056e-33	0.0005	0.000859517	
840	1.96722	1.7821599999999998e-06	8.89298e-06	764.867	5.13266	0.033511599999999996	305.154	2469.99	0.00874763	3.74022	4.84621	0.00040314400000000003	4649.78	0.219043	0.00222636	0.000921818	6.799989999999999	0.000518716	3.9464699999999997e-32	1.41346e-30	20.0	3.5385400000000005e-30	7.873939999999999e-09	5.21985e-09	5.18926e-35	2.91997e-32	191.34799999999998	0.024011	1.37612e-31	0.9917540000000001	3.99316	0.04795630000000001	0.061601199999999995	2.9718599999999996e-06	0	1.28146e-34	7.361669999999999e-06	0	2.6811199999999994e-33	2.9752899999999997e-30	6.71584e-33	0.0005	0.000921818	
860	1.96722	1.7856299999999999e-06	8.91074e-06	764.6519999999999	5.34768	0.0346647	304.952	2469.99	0.00887914	3.835	5.04784	0.000430822	4649.76	0.24196399999999998	0.0023802	0.000985658	6.799989999999999	0.000572779	3.94337e-32	1.41235e-30	20.0	3.5357599999999995e-30	7.92934e-09	5.32957e-09	5.327009999999999e-35	3.04656e-32	189.928	0.0238792	1.40271e-31	1.08928	4.10018	0.050875800000000006	0.0675283	3.0437299999999997e-06	0	1.31583e-34	7.541369999999999e-06	0	2.67723e-33	2.97531e-30	6.70431e-33	0.0005	0.000985658	
880	1.96722	1.7892e-06	8.929e-06	764.434	5.56588	0.0358075	304.748	2469.99	0.00900844	3.92651	5.25234	0.00045909	4649.73	0.266422	0.00253737	0.00105089	6.799989999999999	0.000630348	3.94033e-32	1.41126e-30	20.0	3.5330599999999996e-30	7.98516e-09	5.43955e-09	5.465529999999999e-35	3.17539e-32	188.519	0.0237496	1.42905e-31	1.19258	4.20425	0.053819500000000006	0.0737767	3.1157499999999998e-06	0	1.3503999999999998e-34	7.72143e-06	0	2.6631700000000002e-33	2.97531e-30	6.66878e-33	0.0005	0.00105089	
900	1.96722	1.79287e-06	8.947739999999998e-06	764.2130000000001	5.7872	0.036939	304.54	2469.99	0.0091356	4.01464	5.45964	0.00048788300000000004	4649.71	0.29244899999999996	0.00269752	0.00111737	6.799989999999999	0.000691463	3.937369999999999e-32	1.41021e-30	20.0	3.53051e-30	8.04141e-09	5.5498e-09	5.60482e-35	3.30643e-32	187.123	0.0236222	1.45514e-31	1.30169	4.30526	0.05677909999999999	0.0803432	3.18791e-06	0	1.3851599999999998e-34	7.90186e-06	0	2.66836e-33	2.9753199999999996e-30	6.673949999999999e-33	0.0005	0.00111737	
920	1.96722	1.7966400000000001e-06	8.96695e-06	763.988	6.01159	0.0380582	304.33	2469.99	0.00926068	4.09935	5.66971	0.000517139	4649.68	0.32007199999999997	0.0028603	0.00118495	6.799989999999999	0.0007561530000000001	3.93428e-32	1.4091e-30	20.0	3.52768e-30	8.09807e-09	5.66032e-09	5.74487e-35	3.439669999999999e-32	185.739	0.023496799999999998	1.4809799999999998e-31	1.4166299999999998	4.403169999999999	0.0597465	0.08722339999999999	3.2602299999999997e-06	0	1.42011e-34	8.08267e-06	0	2.6597800000000004e-33	2.9753199999999996e-30	6.66839e-33	0.0005	0.00118495	
940	1.96722	1.8005000000000002e-06	8.98661e-06	763.7610000000001	6.239	0.039164199999999996	304.118	2469.99	0.00938374	4.18058	5.88248	0.000546795	4649.65	0.349315	0.00302535	0.00125348	6.799989999999999	0.0008244330000000001	3.93104e-32	1.40793e-30	20.0	3.5246599999999996e-30	8.155130000000001e-09	5.771119999999999e-09	5.88566e-35	3.57509e-32	184.368	0.023373500000000002	1.50656e-31	1.53742	4.49793	0.0627139	0.0944113	3.3327099999999997e-06	0	1.45525e-34	8.263880000000001e-06	0	2.6849099999999996e-33	2.97533e-30	6.72985e-33	0.0005	0.00125348	
960	1.96722	1.80446e-06	9.00671e-06	763.5310000000001	6.46937	0.0402562	303.902	2469.99	0.00950484	4.25831	6.0979	0.000576791	4649.62	0.380197	0.00319234	0.00132282	6.799989999999999	0.0008963080000000001	3.9281e-32	1.4068799999999998e-30	20.0	3.52202e-30	8.212589999999999e-09	5.8821899999999995e-09	6.02721e-35	3.7126699999999994e-32	183.00799999999998	0.023252099999999998	1.5319e-31	1.6640400000000002	4.589519999999999	0.065674	0.1019	3.4053500000000004e-06	0	1.4905799999999997e-34	8.44549e-06	0	2.6803599999999997e-33	2.9753500000000002e-30	6.71421e-33	0.0005	0.00132282	
980	1.96722	1.8085e-06	9.027230000000001e-06	763.297	6.7026699999999995	0.0413337	303.684	2469.99	0.00962405	4.33252	6.315930000000001	0.000607066	4649.59	0.412735	0.00336094	0.00139284	6.799989999999999	0.0009717710000000001	3.9246599999999996e-32	1.4056299999999997e-30	20.0	3.519219999999999e-30	8.27044e-09	5.9935499999999994e-09	6.169489999999999e-35	3.85239e-32	181.66099999999997	0.0231326	1.55699e-31	1.79646	4.677919999999999	0.06862	0.109681	3.47815e-06	0	1.52609e-34	8.6275e-06	0	2.7187899999999996e-33	2.9753199999999996e-30	6.75017e-33	0.0005	0.00139284	
1000	1.96722	1.81262e-06	9.04816e-06	763.061	6.938839999999999	0.0423961	303.46299999999997	2469.99	0.0097414	4.40322	6.536519999999999	0.000637565	4649.55	0.44694399999999995	0.00353083	0.0014634000000000001	6.799989999999999	0.0010508	3.92078e-32	1.4043299999999999e-30	20.0	3.51665e-30	8.32868e-09	6.105199999999999e-09	6.3125e-35	3.9942199999999996e-32	180.326	0.023015	1.58184e-31	1.9346700000000001	4.76314	0.0715454	0.117745	3.5511199999999995e-06	0	1.56179e-34	8.80993e-06	0	2.79239e-33	2.97537e-30	6.577430000000001e-33	0.0005	0.0014634000000000001	
1020	1.96722	1.8168299999999999e-06	9.06949e-06	762.822	7.17784	0.043443199999999994	303.24	2469.99	0.00985697	4.47042	6.75962	0.000668234	4649.52	0.482835	0.0037016999999999996	0.00153437	6.799989999999999	0.00113338	3.9158099999999996e-32	1.40245e-30	20.0	3.51433e-30	8.38729e-09	6.2171399999999995e-09	6.456159999999999e-35	4.13815e-32	179.003	0.0228991	1.6064399999999998e-31	2.0786	4.8452	0.0744443	0.126082	3.62426e-06	0	1.59766e-34	8.99279e-06	0	2.58465e-33	2.9753899999999997e-30	6.70517e-33	0.0005	0.00153437	
1040	1.96722	1.82112e-06	9.091210000000001e-06	762.58	7.419630000000001	0.044474599999999996	303.015	2469.99	0.0099708	4.53416	6.985189999999999	0.0006990239999999999	4649.48	0.520414	0.00387328	0.00160564	6.799989999999999	0.00121946	3.915819999999999e-32	1.40245e-30	20.0	3.50985e-30	8.44627e-09	6.32937e-09	6.600739999999999e-35	4.28416e-32	177.692	0.022785	1.63079e-31	2.2282	4.92413	0.07731139999999999	0.13468	3.6975800000000003e-06	0	1.6337299999999997e-34	9.17608e-06	0	2.71265e-33	2.9753899999999997e-30	6.58685e-33	0.0005	0.00160564	
1060	1.96722	1.82548e-06	9.11331e-06	762.336	7.664160000000001	0.0454902	302.78700000000003	2469.99	0.010082899999999999	4.594469999999999	7.21317	0.000729886	4649.44	0.559688	0.0040453	0.00167711	6.799989999999999	0.001309	3.9183e-32	1.4030200000000001e-30	20.0	3.5054199999999994e-30	8.50561e-09	6.441909999999999e-09	6.74627e-35	4.43224e-32	176.393	0.0226726	1.6549499999999997e-31	2.38341	4.999969999999999	0.0801418	0.143528	3.77107e-06	0	1.6700299999999998e-34	9.35981e-06	0	2.6872499999999997e-33	2.9754599999999997e-30	6.51042e-33	0.0005	0.00167711	
1080	1.96722	1.82993e-06	9.13578e-06	762.0889999999999	7.9114	0.0464901	302.556	2469.99	0.0101935	4.6514	7.44354	0.000760779	4649.4	0.600659	0.00421751	0.00174865	6.799989999999999	0.00140193	3.90885e-32	1.39995e-30	20.0	3.5043699999999996e-30	8.56532e-09	6.55474e-09	6.89189e-35	4.52496e-32	175.105	0.0225618	1.67885e-31	2.54414	5.072769999999999	0.08293110000000001	0.152614	3.84475e-06	0	1.7064999999999999e-34	9.543989999999998e-06	0	2.6147299999999998e-33	2.9755299999999998e-30	6.42764e-33	0.0005	0.00174865	
1100	1.96722	1.8344400000000002e-06	9.1586e-06	761.8389999999999	8.1613	0.047474199999999994	302.324	2469.99	0.0103024	4.705019999999999	7.676239999999999	0.0007916619999999999	4649.36	0.643328	0.0043897	0.00182019	6.799989999999999	0.00149821	3.90549e-32	1.3987799999999998e-30	20.0	3.50179e-30	8.62538e-09	6.667890000000001e-09	7.039219999999999e-35	4.6665099999999996e-32	173.829	0.0224526	1.70237e-31	2.7103099999999998	5.1426	0.0856757	0.161923	3.91861e-06	0	1.7430099999999998e-34	9.72863e-06	0	2.54994e-33	2.97545e-30	6.27708e-33	0.0005	0.00182019	
1120	1.96722	1.8390299999999999e-06	9.18177e-06	761.586	8.41382	0.0484427	302.089	2469.99	0.0104098	4.7554	7.911239999999999	0.000822499	4649.31	0.687693	0.00456165	0.00189164	6.799989999999999	0.00159775	3.9020599999999996e-32	1.39756e-30	20.0	3.498719999999999e-30	8.685790000000002e-09	6.7813400000000005e-09	7.18327e-35	4.75863e-32	172.56400000000002	0.0223449	1.7255299999999998e-31	2.88183	5.20953	0.0883723	0.171443	3.99265e-06	0	1.77958e-34	9.91373e-06	0	2.49059e-33	2.9752999999999997e-30	6.145579999999999e-33	0.0005	0.00189164	
1140	1.96722	1.84368e-06	9.20528e-06	761.331	8.66893	0.049395800000000004	301.851	2469.99	0.010515700000000001	4.8026	8.1485	0.000853259	4649.27	0.733751	0.0047332	0.00196292	6.799989999999999	0.00170047	3.89898e-32	1.39645e-30	20.0	3.4959699999999996e-30	8.74655e-09	6.89511e-09	7.33094e-35	4.915109999999999e-32	171.31099999999998	0.0222387	1.74845e-31	3.0586	5.273630000000001	0.09101820000000001	0.18115799999999999	4.06689e-06	0	1.81616e-34	1.00993e-05	0	2.5427799999999998e-33	2.97514e-30	6.30539e-33	0.0005	0.00196292	
1160	1.96722	1.8484099999999998e-06	9.22913e-06	761.073	8.92659	0.050333800000000005	301.612	2469.99	0.0106201	4.84671	8.38798	0.000883914	4649.22	0.781496	0.00490417	0.00203397	6.799989999999999	0.00180631	3.8959199999999994e-32	1.3953599999999999e-30	20.0	3.49318e-30	8.80765e-09	7.0091899999999994e-09	7.47879e-35	5.07587e-32	170.06900000000002	0.022134	1.77115e-31	3.24053	5.33499	0.093611	0.191056	4.141319999999999e-06	0	1.8530399999999997e-34	1.02853e-05	0	2.5548399999999996e-33	2.9750299999999998e-30	6.35127e-33	0.0005	0.00203397	
1180	1.96722	1.8531999999999999e-06	9.2533e-06	760.813	9.18677	0.0512571	301.37	2469.99	0.010723100000000001	4.88782	8.62965	0.000914439	4649.17	0.8309219999999999	0.00507443	0.00210473	6.799989999999999	0.00191516	3.8929599999999996e-32	1.3943e-30	20.0	3.4905999999999996e-30	8.8691e-09	7.12359e-09	7.62779e-35	5.261909999999999e-32	168.838	0.022030599999999997	1.7936399999999997e-31	3.42749	5.393680000000001	0.09614910000000002	0.201122	4.21594e-06	0	1.8902099999999997e-34	1.04719e-05	0	2.57764e-33	2.97493e-30	6.40617e-33	0.0005	0.00210473	
1200	1.96722	1.8580599999999998e-06	9.27779e-06	760.551	9.44942	0.05216609999999999	301.127	2469.99	0.010824799999999999	4.92601	8.873460000000001	0.0009448130000000001	4649.12	0.882022	0.00524387	0.00217514	6.799989999999999	0.00202694	3.88968e-32	1.3931200000000001e-30	20.0	3.48765e-30	8.930879999999999e-09	7.2383199999999995e-09	7.77615e-35	5.34429e-32	167.618	0.0219287	1.8157399999999998e-31	3.61939	5.44981	0.0986309	0.21134099999999997	4.2907499999999995e-06	0	1.9274400000000005e-34	1.06589e-05	0	2.56676e-33	2.97483e-30	6.393310000000001e-33	0.0005	0.00217514	
1220	1.96722	1.86298e-06	9.3026e-06	760.285	9.71453	0.0530611	300.881	2469.99	0.010925200000000001	4.96138	9.11938	0.00097502	4649.07	0.934786	0.00541237	0.00224517	6.799989999999999	0.00214155	3.88674e-32	1.3920799999999999e-30	20.0	3.48523e-30	8.99299e-09	7.35337e-09	7.925049999999999e-35	5.485879999999999e-32	166.408	0.021828	1.83763e-31	3.8161099999999997	5.50347	0.10105599999999999	0.221698	4.36577e-06	0	1.96461e-34	1.0846400000000002e-05	0	2.5490999999999996e-33	2.9747399999999996e-30	6.282959999999999e-33	0.0005	0.00224517	
1240	1.96722	1.86796e-06	9.327710000000001e-06	760.018	9.98205	0.0539428	300.633	2469.99	0.011024299999999999	4.99402	9.36737	0.00100504	4649.01	0.9892049999999999	0.00557986	0.00231478	6.799989999999999	0.00225889	3.88409e-32	1.3911199999999999e-30	20.0	3.4825699999999995e-30	9.05544e-09	7.46875e-09	8.07526e-35	5.656619999999999e-32	165.209	0.0217287	1.8592999999999998e-31	4.01754	5.55475	0.103423	0.232179	4.44099e-06	0	2.00203e-34	1.10344e-05	0	2.5389099999999995e-33	2.9745999999999995e-30	6.31549e-33	0.0005	0.00231478	
1260	1.96722	1.87301e-06	9.35312e-06	759.748	10.252	0.0548117	300.383	2469.99	0.011122100000000001	5.024030000000001	9.617410000000001	0.00103487	4648.95	1.0452700000000001	0.00574627	0.00238394	6.799989999999999	0.00237886	3.8807199999999995e-32	1.38991e-30	20.0	3.4795e-30	9.118209999999998e-09	7.58447e-09	8.226389999999999e-35	5.84984e-32	164.02	0.0216305	1.8807599999999999e-31	4.22356	5.60375	0.10573199999999999	0.24277100000000001	4.5164099999999995e-06	0	2.0397e-34	1.1222999999999999e-05	0	2.56452e-33	2.97449e-30	6.379209999999999e-33	0.0005	0.00238394	
1280	1.96722	1.8781099999999997e-06	9.378819999999999e-06	759.4760000000001	10.5242	0.0556683	300.131	2469.99	0.011218700000000002	5.05149	9.86947	0.0010645	4648.9	1.10296	0.00591156	0.00245263	6.799989999999999	0.00250137	3.87741e-32	1.3887200000000001e-30	20.0	3.47656e-30	9.18131e-09	7.700520000000001e-09	8.378379999999999e-35	6.02332e-32	162.842	0.0215336	1.9020499999999997e-31	4.434069999999999	5.65056	0.107983	0.253459	4.59204e-06	0	2.07769e-34	1.1412e-05	0	2.5877499999999996e-33	2.9744099999999996e-30	6.434699999999999e-33	0.0005	0.00245263	
1300	1.96722	1.8832800000000001e-06	9.40482e-06	759.201	10.7988	0.05651319999999999	299.876	2469.99	0.011314200000000002	5.0765199999999995	10.1235	0.00109392	4648.84	1.16228	0.00607568	0.00252084	6.799989999999999	0.00262631	3.8737e-32	1.38739e-30	20.0	3.4731699999999995e-30	9.244740000000001e-09	7.816910000000001e-09	8.537249999999999e-35	6.3775e-32	161.674	0.0214378	1.92327e-31	4.6489400000000005	5.69529	0.110176	0.264228	4.66788e-06	0	2.1163e-34	1.1601600000000001e-05	0	2.5575199999999998e-33	2.97432e-30	6.32984e-33	0.0005	0.00252084	
1320	1.96722	1.8885e-06	9.4311e-06	758.924	11.0757	0.0573471	299.621	2469.99	0.0114085	5.0992	10.3795	0.00112313	4648.78	1.2232100000000001	0.00623862	0.00258857	6.799989999999999	0.00275357	3.8707800000000003e-32	1.3863499999999998e-30	20.0	3.4706699999999995e-30	9.30848e-09	7.93365e-09	8.68751e-35	6.5013e-32	160.515	0.021343200000000003	1.9444799999999999e-31	4.8680699999999995	5.73804	0.112312	0.275066	4.74394e-06	0	2.1548e-34	1.1791700000000001e-05	0	2.57863e-33	2.97422e-30	6.42743e-33	0.0005	0.00258857	
1340	1.96722	1.8937799999999998e-06	9.457660000000002e-06	758.645	11.3548	0.05817050000000001	299.363	2469.99	0.011501700000000002	5.11963	10.6374	0.00115212	4648.71	1.2857399999999999	0.00640037	0.00265579	6.799989999999999	0.00288306	3.8671800000000003e-32	1.38506e-30	20.0	3.46734e-30	9.37255e-09	8.050729999999999e-09	8.84444e-35	6.76963e-32	159.36700000000002	0.0212497	1.96549e-31	5.09134	5.77888	0.11439200000000001	0.28596	4.8202e-06	0	2.1937e-34	1.19823e-05	0	2.6535199999999997e-33	2.9741700000000002e-30	6.653939999999999e-33	0.0005	0.00265579	
1360	1.96722	1.89912e-06	9.48449e-06	758.3639999999999	11.6362	0.058984	299.103	2469.99	0.011593899999999999	5.1379	10.8972	0.00118091	4648.65	1.34985	0.00656093	0.00272252	6.799989999999999	0.00301467	3.86419e-32	1.384e-30	20.0	3.46491e-30	9.436940000000001e-09	8.168149999999999e-09	9.002289999999999e-35	7.04986e-32	158.22799999999998	0.0211572	1.9866e-31	5.31864	5.8179300000000005	0.116417	0.29689699999999997	4.89668e-06	0	2.23309e-34	1.21735e-05	0	2.69575e-33	2.97419e-30	6.74705e-33	0.0005	0.00272252	
1380	1.96722	1.90451e-06	9.511599999999999e-06	758.08	11.9198	0.0597884	298.841	2469.99	0.011685	5.15411	11.1588	0.00120948	4648.58	1.41554	0.00672032	0.00278877	6.799989999999999	0.00314831	3.86128e-32	1.3829499999999998e-30	20.0	3.4622399999999996e-30	9.501639999999999e-09	8.28593e-09	9.1619e-35	7.291829999999999e-32	157.09799999999998	0.0210658	2.0076599999999996e-31	5.549869999999999	5.85527	0.11838699999999999	0.30786399999999997	4.97338e-06	0	2.2728e-34	1.23652e-05	0	2.7190399999999998e-33	2.97422e-30	6.86313e-33	0.0005	0.00278877	
1400	1.96722	1.9099500000000002e-06	9.53897e-06	757.794	12.2056	0.0605842	298.578	2469.99	0.011775200000000001	5.16833	11.4223	0.00123785	4648.52	1.4828	0.00687855	0.00285453	6.799989999999999	0.00328387	3.8579199999999993e-32	1.38174e-30	20.0	3.4590599999999996e-30	9.56666e-09	8.40407e-09	9.32197e-35	7.473739999999999e-32	155.97799999999998	0.0209753	2.0285099999999997e-31	5.78491	5.891	0.120305	0.31885	5.0503e-06	0	2.3127e-34	1.25574e-05	0	2.7327699999999996e-33	2.97429e-30	6.89306e-33	0.0005	0.00285453	
1420	1.96722	1.91545e-06	9.5666e-06	757.5060000000001	12.4935	0.0613721	298.312	2469.99	0.011864399999999999	5.18066	11.6876	0.00126602	4648.45	1.5516	0.00703565	0.00291983	6.799989999999999	0.00342126	3.85483e-32	1.3806399999999999e-30	20.0	3.45635e-30	9.63198e-09	8.522559999999998e-09	9.483079999999999e-35	7.64238e-32	154.86700000000002	0.020885900000000002	2.04911e-31	6.02367	5.9252	0.12217	0.329843	5.1274400000000005e-06	0	2.35297e-34	1.27502e-05	0	2.7255799999999994e-33	2.9743599999999998e-30	6.830350000000001e-33	0.0005	0.00291983	
1440	1.96722	1.921e-06	9.59448e-06	757.216	12.7836	0.06215269999999999	298.045	2469.99	0.0119526	5.19119	11.9547	0.001294	4648.38	1.62195	0.00719167	0.00298467	6.799989999999999	0.00356039	3.8519699999999996e-32	1.3796200000000001e-30	20.0	3.4538499999999996e-30	9.697620000000002e-09	8.64141e-09	9.64459e-35	7.82183e-32	153.766	0.020797299999999998	2.0695e-31	6.26605	5.95795	0.12398599999999999	0.340833	5.2048099999999996e-06	0	2.3933199999999998e-34	1.29436e-05	0	2.72525e-33	2.97442e-30	6.83783e-33	0.0005	0.00298467	
1460	1.96722	1.9266e-06	9.62262e-06	756.924	13.0758	0.06292669999999999	297.776	2469.99	0.012039900000000001	5.19998	12.2235	0.00132179	4648.31	1.69383	0.00734664	0.00304908	6.799989999999999	0.00370115	3.849169999999999e-32	1.3786099999999998e-30	20.0	3.451269999999999e-30	9.76357e-09	8.760620000000001e-09	9.806739999999998e-35	7.992e-32	152.673	0.0207097	2.0896499999999998e-31	6.51195	5.98935	0.125752	0.35180900000000004	5.2824000000000004e-06	0	2.4338099999999997e-34	1.31376e-05	0	2.7081999999999998e-33	2.97447e-30	6.788169999999999e-33	0.0005	0.00304908	
1480	1.96722	1.93226e-06	9.65101e-06	756.63	13.3701	0.0636946	297.506	2469.99	0.012126399999999999	5.20713	12.4941	0.00134941	4648.23	1.7672299999999999	0.00750062	0.00311307	6.799989999999999	0.00384347	3.84649e-32	1.3776599999999999e-30	20.0	3.44907e-30	9.82982e-09	8.88019e-09	9.96886e-35	8.0725e-32	151.589	0.020622900000000003	2.10952e-31	6.76127	6.01946	0.127471	0.362761	5.36023e-06	0	2.4743999999999996e-34	1.33321e-05	0	2.65021e-33	2.9745e-30	6.560859999999999e-33	0.0005	0.00311307	
1500	1.96722	1.93796e-06	9.679639999999999e-06	756.3330000000001	13.6665	0.0644571	297.23400000000004	2469.99	0.012212	5.2127099999999995	12.7664	0.00137686	4648.16	1.84215	0.00765364	0.00317667	6.799989999999999	0.00398725	3.84398e-32	1.37677e-30	20.0	3.44688e-30	9.896379999999998e-09	9.00014e-09	1.0130999999999998e-34	8.21752e-32	150.513	0.020537	2.12899e-31	7.01393	6.048369999999999	0.129145	0.373681	5.4382799999999995e-06	0	2.5149799999999997e-34	1.35271e-05	0	2.5904499999999997e-33	2.9744499999999997e-30	6.45311e-33	0.0005	0.00317667	
1520	1.96722	1.94371e-06	9.7085e-06	756.035	13.9649	0.0652148	296.96	2469.99	0.012296799999999998	5.21678	13.0404	0.00140415	4648.08	1.9185599999999998	0.00780577	0.00323989	6.799989999999999	0.00413241	3.841719999999999e-32	1.3759299999999997e-30	20.0	3.44398e-30	9.96325e-09	9.120450000000001e-09	1.02979e-34	8.4232e-32	149.446	0.020451900000000002	2.14901e-31	7.269830000000001	6.07615	0.130774	0.38455900000000004	5.5165599999999996e-06	0	2.5567199999999997e-34	1.37228e-05	0	2.48609e-33	2.9741099999999998e-30	7.112549999999999e-33	0.0005	0.00323989	
1540	1.96722	1.94951e-06	9.73761e-06	755.735	14.2654	0.0659682	296.684	2469.99	0.0123807	5.21943	13.315999999999999	0.00143129	4648.0	1.99647	0.00795706	0.00330276	6.799989999999999	0.00427888	3.83698e-32	1.3743399999999999e-30	20.0	3.44194e-30	1.00304e-08	9.24114e-09	1.0458799999999997e-34	8.62358e-32	148.388	0.0203676	2.1675299999999997e-31	7.52889	6.10288	0.13236099999999998	0.395387	5.59508e-06	0	2.59687e-34	1.3919000000000002e-05	0	2.61369e-33	2.9738799999999997e-30	7.457169999999999e-33	0.0005	0.00330276	
1560	1.96722	1.95535e-06	9.766939999999999e-06	755.432	14.5679	0.066718	296.407	2469.99	0.0124639	5.2207	13.5933	0.00145829	4647.92	2.07587	0.00810757	0.00336531	6.799989999999999	0.00442657	3.8354800000000003e-32	1.37371e-30	20.0	3.43906e-30	1.00979e-08	9.3622e-09	1.06201e-34	8.8056e-32	147.338	0.0202841	2.18549e-31	7.79103	6.12861	0.133907	0.406157	5.67384e-06	0	2.63689e-34	1.41159e-05	0	2.8321899999999997e-33	2.97392e-30	7.248899999999999e-33	0.0005	0.00336531	
1580	1.96722	1.96125e-06	9.7965e-06	755.128	14.8723	0.06746460000000001	296.128	2469.99	0.0125464	5.220680000000001	13.8721	0.00148517	4647.84	2.15674	0.00825736	0.00342756	6.799989999999999	0.004575399999999999	3.8325199999999994e-32	1.3726499999999998e-30	20.0	3.4364199999999995e-30	1.0165600000000001e-08	9.48364e-09	1.07855e-34	9.00136e-32	146.296	0.0202014	2.20411e-31	8.05617	6.15342	0.135414	0.416862	5.75283e-06	0	2.6783399999999996e-34	1.4313299999999999e-05	0	2.8097699999999996e-33	2.97409e-30	7.080569999999999e-33	0.0005	0.00342756	
1600	1.96722	1.96718e-06	9.82628e-06	754.821	15.1788	0.0682087	295.847	2469.99	0.0126281	5.2194199999999995	14.1526	0.00151194	4647.76	2.23909	0.00840649	0.00348953	6.799989999999999	0.00472532	3.8364899999999996e-32	1.37377e-30	20.0	3.4326800000000004e-30	1.0233700000000001e-08	9.605459999999998e-09	1.09522e-34	9.19842e-32	145.262	0.0201193	2.22257e-31	8.32423	6.17737	0.136882	0.427496	5.83207e-06	0	2.71993e-34	1.4511300000000001e-05	0	2.7336399999999997e-33	2.9742099999999997e-30	7.00005e-33	0.0005	0.00348953	
1620	1.96722	1.9731599999999998e-06	9.856280000000001e-06	754.513	15.4872	0.06895069999999999	295.565	2469.99	0.012709200000000002	5.21697	14.4347	0.0015386	4647.68	2.32291	0.00855502	0.00355125	6.799989999999999	0.00487624	3.82753e-32	1.37086e-30	20.0	3.43193e-30	1.03021e-08	9.72767e-09	1.1119099999999999e-34	9.39729e-32	144.236	0.0200379	2.24079e-31	8.595139999999999	6.2005099999999995	0.13831500000000002	0.43805200000000005	5.91154e-06	0	2.7616200000000004e-34	1.471e-05	0	2.74809e-33	2.9743e-30	6.894819999999999e-33	0.0005	0.00355125	
1640	1.96722	1.97919e-06	9.8865e-06	754.202	15.7975	0.0696912	295.282	2469.99	0.0127896	5.21339	14.7183	0.00156516	4647.59	2.4081799999999998	0.00870302	0.00361275	6.799989999999999	0.00502812	3.8247699999999995e-32	1.36988e-30	20.0	3.4295199999999996e-30	1.0370700000000001e-08	9.85025e-09	1.12868e-34	9.59788e-32	143.218	0.019957299999999997	2.25878e-31	8.86883	6.22291	0.139712	0.448525	5.9912599999999995e-06	0	2.8035e-34	1.4909200000000001e-05	0	2.7268600000000004e-33	2.9743799999999997e-30	6.84326e-33	0.0005	0.00361275	
1660	1.96722	1.98526e-06	9.91692e-06	753.89	16.1098	0.07043060000000001	294.997	2469.99	0.012869299999999998	5.20873	15.0035	0.00159165	4647.51	2.49491	0.00885054	0.00367405	6.799980000000001	0.00518088	3.8258199999999996e-32	1.37002e-30	20.0	3.425569999999999e-30	1.04396e-08	9.97322e-09	1.14555e-34	9.800180000000001e-32	142.208	0.0198772	2.2765899999999996e-31	9.14524	6.24461	0.141077	0.458908	6.071219999999999e-06	0	2.8455900000000002e-34	1.51091e-05	0	2.7725900000000003e-33	2.97442e-30	6.80142e-33	0.0005	0.00367405	
1680	1.96722	1.99137e-06	9.94755e-06	753.576	16.424	0.07116950000000001	294.71	2469.99	0.0129484	5.20305	15.2902	0.00161806	4647.42	2.5830900000000003	0.00899764	0.00373518	6.799980000000001	0.00533447	3.81815e-32	1.36757e-30	20.0	3.42438e-30	1.05089e-08	1.00966e-08	1.16231e-34	9.95789e-32	141.205	0.019797799999999997	2.29415e-31	9.42429	6.26567	0.14240899999999998	0.46919799999999995	6.1514300000000005e-06	0	2.8876099999999997e-34	1.53095e-05	0	2.7071799999999995e-33	2.97447e-30	6.87927e-33	0.0005	0.00373518	
1700	1.96722	1.99752e-06	9.978380000000001e-06	753.26	16.74	0.07190830000000001	294.422	2469.99	0.0130268	5.19639	15.5784	0.00164441	4647.33	2.67272	0.0091444	0.00379615	6.799980000000001	0.00548884	3.8072899999999996e-32	1.3640599999999999e-30	20.0	3.4244800000000004e-30	1.0578399999999999e-08	1.02203e-08	1.1744499999999999e-34	1.00241e-31	140.21	0.019719	2.3046999999999995e-31	9.70594	6.2861400000000005	0.14371	0.47939	6.23189e-06	0	2.9181499999999996e-34	1.55106e-05	0	2.3733299999999998e-33	2.97443e-30	7.38965e-33	0.0005	0.00379615	
1720	1.96722	2.00371e-06	1.0009400000000001e-05	752.942	17.0579	0.0726475	294.132	2469.99	0.0131047	5.18878	15.868	0.00167071	4647.24	2.7638	0.00929085	0.00385701	6.799980000000001	0.00564392	3.8036899999999996e-32	1.3625999999999999e-30	20.0	3.4223599999999994e-30	1.0648200000000001e-08	1.03445e-08	1.18404e-34	1.0481599999999999e-31	139.222	0.0196408	2.3050499999999998e-31	9.990110000000001	6.30605	0.144983	0.489479	6.3125999999999995e-06	0	2.93698e-34	1.57123e-05	0	2.1251199999999997e-33	2.9740399999999997e-30	8.09955e-33	0.0005	0.00385701	
1740	1.96722	2.00995e-06	1.00406e-05	752.622	17.3777	0.07338760000000001	293.841	2469.99	0.013182	5.180280000000001	16.1592	0.00169697	4647.14	2.85632	0.00943707	0.00391776	6.799980000000001	0.00579969	3.80699e-32	1.3637399999999998e-30	20.0	3.41759e-30	1.0718299999999998e-08	1.0469e-08	1.20079e-34	1.08027e-31	138.24200000000002	0.0195632	2.32009e-31	10.2768	6.32547	0.146227	0.499463	6.39356e-06	0	2.98156e-34	1.5914600000000002e-05	0	2.8678299999999998e-33	2.97406e-30	7.352819999999999e-33	0.0005	0.00391776	
1760	1.96722	2.01622e-06	1.0072000000000001e-05	752.301	17.6994	0.0741288	293.548	2469.99	0.0132588	5.17093	16.4518	0.00172321	4647.05	2.95027	0.0095831	0.00397843	6.799980000000001	0.00595609	3.80703e-32	1.3635299999999997e-30	20.0	3.41415e-30	1.07886e-08	1.0593999999999999e-08	1.21854e-34	1.1105499999999998e-31	137.269	0.0194861	2.3378299999999997e-31	10.5658	6.34441	0.147444	0.509337	6.4747800000000005e-06	0	3.02747e-34	1.61176e-05	0	2.8674399999999998e-33	2.97427e-30	7.1822e-33	0.0005	0.00397843	
1780	1.96722	2.0225200000000002e-06	1.0103600000000001e-05	751.977	18.0229	0.0748718	293.254	2469.99	0.013335	5.16075	16.7458	0.00174942	4646.95	3.04567	0.009729	0.00403905	6.799980000000001	0.00611308	3.8190599999999997e-32	1.3672599999999999e-30	20.0	3.40658e-30	1.0859299999999998e-08	1.0719299999999998e-08	1.24082e-34	1.12459e-31	136.304	0.0194095	2.36191e-31	10.8573	6.36294	0.148635	0.5191	6.556239999999999e-06	0	3.08293e-34	1.63212e-05	0	2.6774599999999998e-33	2.9750099999999995e-30	6.66117e-33	0.0005	0.00403905	
1800	1.96722	2.02887e-06	1.01354e-05	751.6519999999999	18.3481	0.0756167	292.959	2469.99	0.0134108	5.14979	17.0412	0.00177562	4646.86	3.1425	0.00987482	0.00409964	6.799980000000001	0.00627062	3.80328e-32	1.36215e-30	20.0	3.4083899999999996e-30	1.0930200000000002e-08	1.0845e-08	1.2671999999999999e-34	1.11281e-31	135.345	0.0193335	2.39663e-31	11.151	6.38108	0.149802	0.528748	6.63797e-06	0	3.1545699999999995e-34	1.65255e-05	0	2.14948e-33	2.97557e-30	6.55588e-33	0.0005	0.00409964	
1820	1.96722	2.03525e-06	1.01674e-05	751.325	18.6752	0.0763642	292.66200000000003	2469.99	0.013486000000000001	5.13808	17.3381	0.00180182	4646.76	3.24078	0.010020600000000001	0.00416022	6.799980000000001	0.00642868	3.79754e-32	1.36023e-30	20.0	3.4062199999999995e-30	1.1001399999999999e-08	1.09712e-08	1.28549e-34	1.13093e-31	134.393	0.0192579	2.41721e-31	11.447000000000001	6.39886	0.150945	0.538279	6.71995e-06	0	3.1979900000000005e-34	1.67303e-05	0	2.4796799999999998e-33	2.97547e-30	6.318129999999999e-33	0.0005	0.00416022	
1840	1.96722	2.04167e-06	1.0199500000000001e-05	750.9960000000001	19.0041	0.0771145	292.36400000000003	2469.99	0.0135607	5.12564	17.6363	0.00182802	4646.66	3.3404800000000003	0.0101664	0.0042208	6.799980000000001	0.00658723	3.7955099999999994e-32	1.3594e-30	20.0	3.4033499999999996e-30	1.1072899999999999e-08	1.1097700000000001e-08	1.3032299999999997e-34	1.15318e-31	133.44899999999998	0.0191829	2.43292e-31	11.7453	6.41633	0.152066	0.547692	6.802189999999999e-06	0	3.23981e-34	1.6935899999999998e-05	0	2.5912699999999998e-33	2.9753500000000002e-30	6.35729e-33	0.0005	0.0042208	
1860	1.96722	2.04812e-06	1.02318e-05	750.665	19.3348	0.07786799999999999	292.064	2469.99	0.013635	5.11252	17.9359	0.00185425	4646.56	3.4416300000000004	0.010312299999999998	0.00428141	6.799980000000001	0.00674623	3.79276e-32	1.35841e-30	20.0	3.40075e-30	1.11446e-08	1.1224700000000002e-08	1.32066e-34	1.17552e-31	132.511	0.019108299999999998	2.44835e-31	12.0457	6.43351	0.153165	0.5569850000000001	6.88469e-06	0	3.28314e-34	1.71421e-05	0	2.58531e-33	2.97526e-30	6.39734e-33	0.0005	0.00428141	
1880	1.96722	2.0546e-06	1.02642e-05	750.3330000000001	19.6672	0.0786251	291.763	2469.99	0.0137089	5.09874	18.2369	0.00188049	4646.46	3.5442199999999997	0.0104584	0.00434207	6.799980000000001	0.00690566	3.78995e-32	1.3574e-30	20.0	3.398119999999999e-30	1.12166e-08	1.1352e-08	1.3381799999999997e-34	1.19801e-31	131.58	0.019034099999999998	2.4635699999999998e-31	12.3483	6.45044	0.15424300000000002	0.566155	6.96745e-06	0	3.3268300000000007e-34	1.7348900000000003e-05	0	2.60324e-33	2.9751899999999998e-30	6.49243e-33	0.0005	0.00434207	
1900	1.96722	2.0611199999999998e-06	1.0296800000000001e-05	749.9989999999999	20.0014	0.07938610000000001	291.461	2469.99	0.013782299999999997	5.08432	18.5392	0.00190677	4646.35	3.64824	0.0106045	0.0044028	6.799980000000001	0.00706549	3.78709e-32	1.35637e-30	20.0	3.39543e-30	1.1288899999999999e-08	1.14798e-08	1.3557599999999998e-34	1.22065e-31	130.656	0.0189603	2.47862e-31	12.6529	6.46713	0.155301	0.575204	7.05048e-06	0	3.37074e-34	1.75564e-05	0	2.6340799999999995e-33	2.97514e-30	6.613569999999999e-33	0.0005	0.0044028	
1920	1.96722	2.06767e-06	1.03296e-05	749.663	20.3374	0.08015130000000001	291.157	2469.99	0.0138553	5.06928	18.8429	0.00193309	4646.25	3.75371	0.0107509	0.00446361	6.799980000000001	0.007225700000000001	3.7847199999999997e-32	1.3555200000000002e-30	20.0	3.3932999999999995e-30	1.13615e-08	1.1608e-08	1.3734399999999998e-34	1.24342e-31	129.738	0.018887	2.49349e-31	12.9596	6.483630000000001	0.15634	0.584128	7.13377e-06	0	3.4148800000000004e-34	1.77645e-05	0	2.6719499999999996e-33	2.9751299999999997e-30	6.68885e-33	0.0005	0.00446361	
1940	1.96722	2.07425e-06	1.03625e-05	749.325	20.6751	0.0809212	290.85200000000003	2469.99	0.0139279	5.05366	19.1479	0.00195945	4646.14	3.8606199999999995	0.0108975	0.00452453	6.799980000000001	0.00738627	3.78188e-32	1.3545099999999998e-30	20.0	3.391019999999999e-30	1.14343e-08	1.17366e-08	1.3912e-34	1.26635e-31	128.827	0.0188141	2.50819e-31	13.2684	6.49995	0.157361	0.592929	7.21732e-06	0	3.4592199999999993e-34	1.79733e-05	0	2.6826899999999997e-33	2.97514e-30	6.74521e-33	0.0005	0.00452453	
1960	1.96722	2.0808700000000003e-06	1.03956e-05	748.9860000000001	21.0145	0.081696	290.546	2469.99	0.0140001	5.03747	19.4541	0.00198587	4646.03	3.96898	0.011044400000000001	0.00458556	6.799980000000001	0.00754718	3.7795999999999995e-32	1.3536999999999999e-30	20.0	3.3890899999999996e-30	1.1507399999999999e-08	1.18656e-08	1.4090599999999999e-34	1.28942e-31	127.92200000000001	0.0187416	2.5227199999999997e-31	13.5791	6.51612	0.158364	0.6016050000000001	7.301139999999999e-06	0	3.50379e-34	1.8182799999999998e-05	0	2.7087199999999998e-33	2.9751799999999995e-30	6.77298e-33	0.0005	0.00458556	
1980	1.96722	2.0875099999999998e-06	1.04288e-05	748.6439999999999	21.3556	0.082476	290.238	2469.99	0.0140719	5.02074	19.7617	0.00201235	4645.92	4.078790000000001	0.0111917	0.00464672	6.799980000000001	0.00770842	3.77643e-32	1.3525499999999998e-30	20.0	3.38584e-30	1.1580700000000002e-08	1.1995000000000001e-08	1.4269899999999997e-34	1.31263e-31	127.024	0.018669400000000003	2.5370799999999997e-31	13.8918	6.53216	0.15935	0.610157	7.3852300000000004e-06	0	3.54856e-34	1.8392999999999998e-05	0	2.66673e-33	2.9751999999999998e-30	6.682259999999999e-33	0.0005	0.00464672	
2000	1.96722	2.09418e-06	1.04622e-05	748.302	21.6984	0.0832616	289.92900000000003	2469.99	0.0141434	5.003480000000001	20.0706	0.0020388999999999997	4645.81	4.19006	0.011339299999999998	0.00470803	6.799980000000001	0.00786997	3.7728999999999997e-32	1.3513e-30	20.0	3.3828699999999996e-30	1.16543e-08	1.21248e-08	1.4449999999999998e-34	1.33599e-31	126.133	0.0185976	2.5512599999999998e-31	14.2064	6.54809	0.16032000000000002	0.618583	7.46959e-06	0	3.5935400000000006e-34	1.86038e-05	0	2.6537699999999995e-33	2.9751999999999998e-30	6.63464e-33	0.0005	0.00470803	
2020	1.96722	2.10088e-06	1.04957e-05	747.957	22.043000000000003	0.0840531	289.619	2469.99	0.014214500000000001	4.98571	20.3807	0.00206552	4645.7	4.30278	0.011487299999999999	0.00476951	6.799980000000001	0.00803182	3.7695e-32	1.35007e-30	20.0	3.37965e-30	1.1728100000000001e-08	1.2255100000000002e-08	1.4631e-34	1.3595e-31	125.24700000000001	0.0185261	2.56526e-31	14.523	6.56394	0.161274	0.6268859999999999	7.55422e-06	0	3.638719999999999e-34	1.88153e-05	0	2.6402600000000002e-33	2.9751899999999998e-30	6.57237e-33	0.0005	0.00476951	
2040	1.96722	2.10761e-06	1.0529300000000001e-05	747.6110000000001	22.3892	0.0848508	289.308	2469.99	0.014285299999999997	4.96746	20.691999999999997	0.00209222	4645.58	4.4169599999999996	0.0116357	0.00483116	6.799980000000001	0.00819397	3.76604e-32	1.3488399999999997e-30	20.0	3.3767199999999994e-30	1.1802299999999998e-08	1.23858e-08	1.4812799999999999e-34	1.38314e-31	124.368	0.018455000000000003	2.5790899999999998e-31	14.8413	6.57972	0.16221300000000002	0.6350640000000001	7.639119999999999e-06	0	3.68411e-34	1.90275e-05	0	2.62459e-33	2.9751599999999996e-30	6.53468e-33	0.0005	0.00483116	
2060	1.96722	2.1143599999999998e-06	1.0563099999999999e-05	747.263	22.7371	0.08565489999999999	288.995	2469.99	0.014355799999999998	4.94873	21.0047	0.0021190000000000002	4645.47	4.53261	0.0117845	0.004893	6.799980000000001	0.0083564	3.76288e-32	1.3477e-30	20.0	3.373769999999999e-30	1.18766e-08	1.25169e-08	1.4989899999999999e-34	1.3858e-31	123.495	0.0183842	2.5925699999999997e-31	15.1615	6.595460000000001	0.16313699999999998	0.6431180000000001	7.72429e-06	0	3.7291399999999994e-34	1.92403e-05	0	2.64355e-33	2.9751199999999997e-30	6.642869999999999e-33	0.0005	0.004893	
2080	1.96722	2.12114e-06	1.0597e-05	746.913	23.0866	0.0864658	288.681	2469.99	0.014425899999999998	4.92954	21.3185	0.00214588	4645.35	4.64973	0.011933899999999999	0.00495505	6.799980000000001	0.00851911	3.7602300000000004e-32	1.34675e-30	20.0	3.3714e-30	1.1951200000000001e-08	1.26484e-08	1.51614e-34	1.39423e-31	122.62799999999999	0.0183137	2.6054099999999996e-31	15.4835	6.6111699999999995	0.164048	0.651049	7.809730000000001e-06	0	3.7739e-34	1.94539e-05	0	2.6954499999999998e-33	2.9751299999999997e-30	6.78774e-33	0.0005	0.00495505	
2100	1.96722	2.1279400000000002e-06	1.0630999999999999e-05	746.562	23.4379	0.08728380000000001	288.366	2469.99	0.0144958	4.90992	21.6336	0.00217285	4645.23	4.76832	0.012083799999999999	0.00501731	6.799980000000001	0.00868209	3.75715e-32	1.3456499999999999e-30	20.0	3.36879e-30	1.20261e-08	1.27803e-08	1.5350099999999998e-34	1.4142e-31	121.76700000000001	0.0182435	2.61788e-31	15.8073	6.626869999999999	0.164945	0.6588579999999999	7.895449999999999e-06	0	3.8185000000000002e-34	1.96681e-05	0	2.7020999999999998e-33	2.9751599999999996e-30	6.787149999999999e-33	0.0005	0.00501731	
2120	1.96722	2.13477e-06	1.06651e-05	746.209	23.7907	0.0881092	288.05	2469.99	0.0145654	4.88986	21.9499	0.00219992	4645.11	4.8884	0.0122342	0.0050798	6.799980000000001	0.00884534	3.75395e-32	1.3444999999999998e-30	20.0	3.3657999999999995e-30	1.2101200000000001e-08	1.2912700000000002e-08	1.55311e-34	1.4302799999999998e-31	120.912	0.018173500000000002	2.63013e-31	16.1328	6.642580000000001	0.165828	0.6665449999999999	7.98145e-06	0	3.86418e-34	1.9883e-05	0	2.7351799999999996e-33	2.9752199999999997e-30	6.88254e-33	0.0005	0.0050798	
2140	1.96722	2.14163e-06	1.0699400000000001e-05	745.855	24.1453	0.0889422	287.733	2469.99	0.0146347	4.86939	22.2674	0.0022271	4644.99	5.0099599999999995	0.0123852	0.00514252	6.799980000000001	0.00900886	3.75072e-32	1.34335e-30	20.0	3.3629000000000004e-30	1.2176499999999998e-08	1.3045500000000001e-08	1.5714499999999999e-34	1.47074e-31	120.064	0.018103900000000003	2.64225e-31	16.4601	6.6583	0.166699	0.674112	8.067719999999999e-06	0	3.9093699999999995e-34	2.0098599999999998e-05	0	2.71633e-33	2.9752899999999997e-30	6.84312e-33	0.0005	0.00514252	
2160	1.96722	2.14851e-06	1.0733699999999999e-05	745.4989999999999	24.5014	0.0897832	287.414	2469.99	0.0147037	4.84852	22.5861	0.00225439	4644.87	5.13302	0.012536799999999999	0.0052055	6.799980000000001	0.00917265	3.74756e-32	1.34222e-30	20.0	3.36017e-30	1.2252100000000002e-08	1.31787e-08	1.59014e-34	1.50195e-31	119.221	0.0180345	2.65451e-31	16.7891	6.6740699999999995	0.16755799999999998	0.681559	8.15427e-06	0	3.95547e-34	2.03149e-05	0	2.71169e-33	2.9753500000000002e-30	6.80063e-33	0.0005	0.0052055	
2180	1.96722	2.15541e-06	1.07682e-05	745.1410000000001	24.8592	0.0906324	287.094	2469.99	0.0147725	4.82726	22.906	0.0022818	4644.74	5.257569999999999	0.0126891	0.00526873	6.799980000000001	0.00933671	3.7436599999999994e-32	1.3408100000000001e-30	20.0	3.35649e-30	1.2328e-08	1.3312299999999998e-08	1.6097e-34	1.5460999999999999e-31	118.383	0.017965400000000003	2.66693e-31	17.1197	6.6898800000000005	0.168405	0.688887	8.241089999999999e-06	0	4.002569999999999e-34	2.05319e-05	0	2.7413599999999996e-33	2.97541e-30	6.91659e-33	0.0005	0.00526873	
2200	1.96722	2.16233e-06	1.08028e-05	744.7810000000001	25.2187	0.0914901	286.77299999999997	2469.99	0.014841	4.805619999999999	23.226999999999997	0.00230932	4644.62	5.38363	0.012841899999999998	0.00533223	6.799980000000001	0.00950104	3.73993e-32	1.3394799999999997e-30	20.0	3.35323e-30	1.24041e-08	1.34464e-08	1.6296299999999998e-34	1.5696799999999999e-31	117.552	0.0178965	2.67922e-31	17.452	6.705760000000001	0.16924	0.696099	8.32819e-06	0	4.049669999999999e-34	2.07495e-05	0	2.73519e-33	2.9754900000000003e-30	6.87302e-33	0.0005	0.00533223	
2220	1.96722	2.16927e-06	1.08375e-05	744.42	25.5797	0.0923566	286.45099999999996	2469.99	0.014909299999999999	4.78362	23.5493	0.00233697	4644.49	5.5112	0.012995500000000002	0.00539601	6.799980000000001	0.00966564	3.73668e-32	1.3383199999999998e-30	20.0	3.35028e-30	1.24804e-08	1.35809e-08	1.6459900000000002e-34	1.5951399999999999e-31	116.726	0.017827900000000004	2.6913799999999995e-31	17.7859	6.72173	0.17006400000000002	0.703194	8.41558e-06	0	4.09581e-34	2.09679e-05	0	2.6674799999999997e-33	2.97554e-30	6.64428e-33	0.0005	0.00539601	
2240	1.96722	2.17623e-06	1.0872300000000001e-05	744.058	25.9424	0.0932322	286.127	2469.98	0.014977299999999999	4.76126	23.8726	0.00236474	4644.36	5.64029	0.013149700000000002	0.00546008	6.799980000000001	0.00983053	3.7330599999999997e-32	1.3370199999999998e-30	20.0	3.347059999999999e-30	1.2556899999999999e-08	1.3715899999999998e-08	1.6649e-34	1.62029e-31	115.906	0.0177595	2.70337e-31	18.1214	6.73778	0.170877	0.710175	8.50324e-06	0	4.14274e-34	2.1187e-05	0	2.61823e-33	2.9755200000000002e-30	6.519229999999998e-33	0.0005	0.00546008	
2260	1.96722	2.18322e-06	1.0907100000000001e-05	743.693	26.3067	0.0941172	285.803	2469.98	0.0150452	4.73855	24.1971	0.00239265	4644.23	5.7709	0.0133047	0.00552445	6.799980000000001	0.009995700000000001	3.7298599999999995e-32	1.3358899999999998e-30	20.0	3.3444499999999996e-30	1.2633700000000001e-08	1.3851200000000002e-08	1.68391e-34	1.64558e-31	115.09200000000001	0.017691299999999997	2.71519e-31	18.4586	6.753939999999999	0.171679	0.717043	8.59119e-06	0	4.190159999999999e-34	2.14068e-05	0	2.58853e-33	2.97544e-30	6.4679e-33	0.0005	0.00552445	
2280	1.96722	2.1902200000000004e-06	1.09421e-05	743.327	26.6725	0.09501180000000001	285.47700000000003	2469.98	0.0151128	4.71551	24.5228	0.00242069	4644.1	5.90305	0.013460399999999999	0.00558912	6.799980000000001	0.0101612	3.7270199999999993e-32	1.3348599999999997e-30	20.0	3.34175e-30	1.27107e-08	1.3987e-08	1.7030099999999998e-34	1.671e-31	114.28299999999999	0.0176234	2.72684e-31	18.7972	6.77022	0.172471	0.723799	8.67942e-06	0	4.23783e-34	2.16273e-05	0	2.57382e-33	2.9753599999999998e-30	6.403689999999999e-33	0.0005	0.00558912	
2300	1.96722	2.19724e-06	1.09772e-05	742.96	27.04	0.0959164	285.15	2469.98	0.015180200000000001	4.69215	24.8496	0.00244887	4643.96	6.03673	0.013616899999999998	0.00565411	6.799980000000001	0.0103269	3.7228599999999997e-32	1.33336e-30	20.0	3.33785e-30	1.2788e-08	1.41232e-08	1.7224400000000004e-34	1.69908e-31	113.48	0.017555599999999998	2.73838e-31	19.1375	6.786630000000001	0.173254	0.730445	8.76793e-06	0	4.28618e-34	2.18485e-05	0	2.5851899999999997e-33	2.9752699999999998e-30	6.426119999999999e-33	0.0005	0.00565411	
2320	1.96722	2.20428e-06	1.10123e-05	742.591	27.409000000000002	0.0968312	284.823	2469.98	0.0152474	4.66846	25.1775	0.00247719	4643.83	6.1719599999999994	0.013774100000000001	0.00571942	6.799980000000001	0.010493	3.7194e-32	1.33211e-30	20.0	3.33454e-30	1.28655e-08	1.4259899999999998e-08	1.74259e-34	1.7190999999999998e-31	112.682	0.017488	2.74964e-31	19.4792	6.80318	0.174026	0.736982	8.85672e-06	0	4.33439e-34	2.20704e-05	0	2.59942e-33	2.9751899999999998e-30	6.487749999999999e-33	0.0005	0.00571942	
2340	1.96722	2.21134e-06	1.10475e-05	742.22	27.7797	0.09775650000000001	284.494	2469.98	0.0153144	4.64447	25.5065	0.00250566	4643.69	6.30875	0.0139321	0.00578506	6.799980000000001	0.0106594	3.7153099999999994e-32	1.33066e-30	20.0	3.3311300000000006e-30	1.2943200000000001e-08	1.4397e-08	1.76035e-34	1.73973e-31	111.89	0.017420599999999998	2.76061e-31	19.8225	6.819889999999999	0.174788	0.743412	8.9458e-06	0	4.38286e-34	2.2293e-05	0	2.61427e-33	2.9751299999999997e-30	6.52918e-33	0.0005	0.00578506	
2360	1.96722	2.2184099999999997e-06	1.10828e-05	741.8480000000001	28.1519	0.0986926	284.163	2469.98	0.015381299999999999	4.62018	25.8366	0.00253428	4643.55	6.4471	0.014091	0.00585104	6.799980000000001	0.010826100000000002	3.71249e-32	1.3296600000000001e-30	20.0	3.32879e-30	1.3021100000000002e-08	1.4534599999999999e-08	1.7798899999999999e-34	1.75108e-31	111.102	0.0173534	2.7712999999999997e-31	20.1673	6.836760000000001	0.175542	0.749737	9.03516e-06	0	4.42868e-34	2.25163e-05	0	2.6283699999999998e-33	2.97509e-30	6.569379999999999e-33	0.0005	0.00585104	
2380	1.96722	2.2255e-06	1.11182e-05	741.4739999999999	28.5257	0.09963989999999999	283.832	2469.98	0.015447899999999999	4.5956	26.1678	0.00256305	4643.41	6.58702	0.0142506	0.00591736	6.799980000000001	0.0109932	3.70945e-32	1.32857e-30	20.0	3.32596e-30	1.3099299999999998e-08	1.46725e-08	1.7991699999999998e-34	1.7760799999999998e-31	110.321	0.0172864	2.78165e-31	20.5135	6.8538	0.176286	0.755957	9.124810000000002e-06	0	4.4776899999999995e-34	2.2740300000000003e-05	0	2.6791199999999996e-33	2.97507e-30	6.7732e-33	0.0005	0.00591736	
2400	1.96722	2.23261e-06	1.11537e-05	741.0989999999999	28.901	0.100599	283.5	2469.98	0.015514400000000001	4.57073	26.5001	0.00259197	4643.27	6.72852	0.014411199999999999	0.00598403	6.799980000000001	0.011160600000000001	3.7066199999999993e-32	1.32756e-30	20.0	3.32347e-30	1.3177700000000001e-08	1.48109e-08	1.81919e-34	1.81244e-31	109.544	0.017219599999999998	2.79184e-31	20.8612	6.87103	0.177021	0.762075	9.21474e-06	0	4.5268699999999995e-34	2.29651e-05	0	2.7193099999999996e-33	2.9751199999999997e-30	6.824119999999999e-33	0.0005	0.00598403	
2420	1.96722	2.23973e-06	1.1189200000000001e-05	740.722	29.2779	0.101569	283.166	2469.98	0.015580799999999999	4.54559	26.8335	0.00262106	4643.13	6.87161	0.014572499999999999	0.00605106	6.799980000000001	0.011328399999999999	3.7037699999999995e-32	1.3265299999999999e-30	20.0	3.3209e-30	1.32563e-08	1.49498e-08	1.8367399999999997e-34	1.8430499999999998e-31	108.773	0.017152900000000002	2.8020499999999996e-31	21.2103	6.88845	0.17774700000000002	0.768092	9.30496e-06	0	4.574599999999999e-34	2.3190599999999998e-05	0	2.72102e-33	2.97517e-30	6.83775e-33	0.0005	0.00605106	
2440	1.96722	2.2468599999999998e-06	1.12248e-05	740.3439999999999	29.6564	0.102551	282.832	2469.98	0.015647	4.520169999999999	27.1679	0.0026503	4642.98	7.0163	0.0147348	0.00611846	6.799980000000001	0.0114965	3.70083e-32	1.32549e-30	20.0	3.31834e-30	1.3335200000000001e-08	1.50891e-08	1.8590799999999996e-34	1.8628699999999998e-31	108.007	0.0170863	2.8120999999999997e-31	21.5609	6.90608	0.178465	0.774011	9.39547e-06	0	4.6240399999999994e-34	2.34168e-05	0	2.71837e-33	2.9752199999999997e-30	6.8181e-33	0.0005	0.00611846	
2460	1.96722	2.2540099999999998e-06	1.12605e-05	739.9639999999999	30.0364	0.103546	282.497	2469.98	0.015713	4.4945	27.5035	0.00267971	4642.84	7.16259	0.014898	0.00618623	6.799980000000001	0.011665100000000001	3.6969599999999997e-32	1.3240899999999999e-30	20.0	3.3147e-30	1.3414200000000001e-08	1.52288e-08	1.8772900000000001e-34	1.8879899999999999e-31	107.24600000000001	0.0170199	2.82192e-31	21.9128	6.92393	0.179175	0.779831	9.486260000000002e-06	0	4.67306e-34	2.36437e-05	0	2.72212e-33	2.9752699999999998e-30	6.86445e-33	0.0005	0.00618623	
2480	1.96722	2.26118e-06	1.12963e-05	739.582	30.418000000000003	0.104554	282.16	2469.98	0.0157789	4.46857	27.84	0.00270928	4642.69	7.31049	0.015062	0.00625437	6.799980000000001	0.011834	3.69383e-32	1.32298e-30	20.0	3.31213e-30	1.3493500000000001e-08	1.5369e-08	1.8968000000000002e-34	1.91551e-31	106.49	0.016953700000000002	2.8315299999999998e-31	22.2662	6.942	0.179876	0.785556	9.57735e-06	0	4.72268e-34	2.38713e-05	0	2.7285399999999998e-33	2.97533e-30	6.874309999999999e-33	0.0005	0.00625437	
2500	1.96722	2.26835e-06	1.1332100000000001e-05	739.199	30.8011	0.105574	281.822	2469.98	0.0158446	4.4424	28.1777	0.00273903	4642.54	7.46002	0.015227000000000001	0.00632291	6.799980000000001	0.0120034	3.70699e-32	1.32731e-30	20.0	3.304469999999999e-30	1.3573e-08	1.5509600000000003e-08	1.9185299999999998e-34	1.9497199999999998e-31	105.73899999999999	0.0168876	2.8428e-31	22.6209	6.9603	0.180569	0.791187	9.668719999999999e-06	0	4.77698e-34	2.40997e-05	0	2.78411e-33	2.9754200000000002e-30	6.74798e-33	0.0005	0.00632291	
2520	1.96722	2.27554e-06	1.1368e-05	738.814	31.1858	0.106607	281.48400000000004	2469.98	0.0159102	4.41598	28.5163	0.00276895	4642.39	7.61118	0.015393	0.00639183	6.799980000000001	0.012173200000000002	3.712169999999999e-32	1.32837e-30	20.0	3.2973199999999996e-30	1.36527e-08	1.56506e-08	1.94822e-34	1.9230699999999998e-31	104.993	0.0168216	2.86829e-31	22.9769	6.97885	0.181254	0.796726	9.760380000000001e-06	0	4.8584399999999995e-34	2.43287e-05	0	2.51402e-33	2.9759199999999996e-30	6.46409e-33	0.0005	0.00639183	
2540	1.96722	2.28274e-06	1.1403900000000001e-05	738.428	31.572	0.107655	281.144	2469.98	0.0159757	4.38933	28.855999999999998	0.00279904	4642.24	7.76398	0.0155599	0.00646115	6.799980000000001	0.0123435	3.68458e-32	1.3196200000000002e-30	20.0	3.30265e-30	1.3732600000000001e-08	1.57921e-08	1.9669999999999997e-34	1.94099e-31	104.25200000000001	0.016755799999999998	2.8774899999999996e-31	23.3343	6.99765	0.18193099999999998	0.8021729999999999	9.852330000000001e-06	0	4.90154e-34	2.45585e-05	0	2.40612e-33	2.9761099999999998e-30	6.37122e-33	0.0005	0.00646115	
2560	1.96722	2.28996e-06	1.14399e-05	738.04	31.9597	0.10871600000000001	280.803	2469.98	0.016041	4.36245	29.1967	0.00282931	4642.08	7.9184399999999995	0.0157277	0.00653087	6.799980000000001	0.012514200000000001	3.6810099999999996e-32	1.31835e-30	20.0	3.29996e-30	1.38127e-08	1.5934e-08	1.98482e-34	1.9666499999999997e-31	103.516	0.0166901	2.8848899999999998e-31	23.693	7.016719999999999	0.1826	0.807531	9.94457e-06	0	4.94598e-34	2.47891e-05	0	2.5309199999999998e-33	2.9759699999999997e-30	6.334579999999999e-33	0.0005	0.00653087	
2580	1.96722	2.29718e-06	1.14759e-05	737.6510000000001	32.349000000000004	0.10979100000000001	280.462	2469.98	0.0161063	4.33536	29.5385	0.00285976	4641.93	8.07455	0.0158966	0.006601	6.79997	0.0126854	3.6782499999999994e-32	1.31737e-30	20.0	3.2976499999999996e-30	1.3893100000000001e-08	1.60764e-08	2.00401e-34	1.9979099999999996e-31	102.78399999999999	0.0166245	2.89218e-31	24.0531	7.036060000000001	0.18326199999999998	0.812801	1.0037100000000001e-05	0	4.99106e-34	2.50203e-05	0	2.5789099999999998e-33	2.9758599999999998e-30	6.37862e-33	0.0005	0.006601	
2600	1.96722	2.30442e-06	1.1512000000000001e-05	737.26	32.7398	0.110881	280.119	2469.98	0.0161714	4.30804	29.8813	0.00289039	4641.77	8.232339999999999	0.016066399999999998	0.00667155	6.79997	0.0128571	3.6751199999999995e-32	1.31627e-30	20.0	3.2950800000000005e-30	1.39737e-08	1.62192e-08	2.02224e-34	2.0119e-31	102.05799999999999	0.016559	2.8992799999999997e-31	24.4144	7.055680000000001	0.183917	0.817986	1.01299e-05	0	5.039199999999999e-34	2.52523e-05	0	2.5969399999999996e-33	2.97577e-30	6.45861e-33	0.0005	0.00667155	
2620	1.96722	2.31166e-06	1.1548099999999999e-05	736.868	33.1321	0.11198599999999999	279.775	2469.98	0.0162364	4.28052	30.225	0.00292121	4641.61	8.3918	0.0162373	0.00674251	6.79997	0.0130293	3.67213e-32	1.3152e-30	20.0	3.292519999999999e-30	1.40544e-08	1.63625e-08	2.0446999999999998e-34	2.0505799999999998e-31	101.336	0.016493599999999997	2.90607e-31	24.776999999999997	7.07558	0.184563	0.8230850000000001	1.0223e-05	0	5.086780000000001e-34	2.5485e-05	0	2.6200199999999998e-33	2.9757099999999994e-30	6.5352e-33	0.0005	0.00674251	
2640	1.96722	2.31892e-06	1.15843e-05	736.4739999999999	33.5259	0.113106	279.43	2469.98	0.0163013	4.25279	30.5698	0.00295221	4641.45	8.55296	0.016409200000000002	0.0068138999999999995	6.79997	0.013202	3.66939e-32	1.3142299999999999e-30	20.0	3.290159999999999e-30	1.41354e-08	1.65062e-08	2.0643900000000003e-34	2.07803e-31	100.619	0.0164283	2.91291e-31	25.1409	7.095789999999999	0.185203	0.828102	1.03165e-05	0	5.13913e-34	2.57184e-05	0	2.65363e-33	2.97567e-30	6.651189999999999e-33	0.0005	0.0068138999999999995	
2660	1.96722	2.3261900000000004e-06	1.16206e-05	736.079	33.9212	0.11424200000000001	279.084	2469.98	0.0163661	4.22487	30.9156	0.00298341	4641.28	8.715819999999999	0.0165821	0.00688572	6.79997	0.013375299999999998	3.66681e-32	1.3133000000000001e-30	20.0	3.28782e-30	1.42166e-08	1.66503e-08	2.08459e-34	2.10234e-31	99.9067	0.0163632	2.9195799999999995e-31	25.506	7.1163	0.185836	0.833037	1.0410199999999999e-05	0	5.188909999999999e-34	2.5952600000000003e-05	0	2.6716100000000003e-33	2.97567e-30	6.701909999999999e-33	0.0005	0.00688572	
2680	1.96722	2.33346e-06	1.16568e-05	735.682	34.3181	0.11539400000000001	278.738	2469.98	0.0164308	4.19676	31.2623	0.0030148	4641.12	8.88039	0.0167561	0.00695798	6.79997	0.013549100000000001	3.66435e-32	1.3124e-30	20.0	3.28487e-30	1.4298e-08	1.67949e-08	2.10413e-34	2.13378e-31	99.199	0.0162981	2.9261399999999996e-31	25.8724	7.1371199999999995	0.186461	0.837893	1.0504100000000002e-05	0	5.238899999999999e-34	2.61875e-05	0	2.47718e-33	2.97562e-30	6.89777e-33	0.0005	0.00695798	
2700	1.96722	2.34074e-06	1.16932e-05	735.284	34.7164	0.11656300000000001	278.39	2469.98	0.0164954	4.16846	31.6101	0.00304638	4640.95	9.04668	0.016931099999999998	0.00703068	6.79997	0.013723599999999999	3.6652199999999995e-32	1.31264e-30	20.0	3.2813300000000005e-30	1.4379600000000002e-08	1.6939999999999998e-08	2.13285e-34	2.15434e-31	98.4958	0.0162331	2.94262e-31	26.24	7.15827	0.187079	0.842669	1.0598399999999998e-05	0	5.31063e-34	2.64232e-05	0	1.20042e-33	2.97356e-30	1.05114e-32	0.0005	0.00703068	
2720	1.96722	2.34804e-06	1.17295e-05	734.8839999999999	35.1163	0.117748	278.041	2469.98	0.016559900000000002	4.13998	31.9588	0.00307816	4640.79	9.2147	0.0171072	0.00710382	6.79997	0.013898599999999999	3.6597599999999997e-32	1.31065e-30	20.0	3.27996e-30	1.44614e-08	1.7085400000000002e-08	2.1476499999999996e-34	2.18272e-31	97.7973	0.0161683	2.94719e-31	26.6088	7.179760000000001	0.187691	0.847369	1.0692999999999999e-05	0	5.350459999999999e-34	2.6659499999999998e-05	0	3.1892600000000004e-33	2.9734399999999998e-30	8.735799999999999e-33	0.0005	0.00710382	
2740	1.96722	2.3553400000000004e-06	1.1765899999999999e-05	734.482	35.5177	0.11895	277.692	2469.98	0.016624299999999998	4.111330000000001	32.3085	0.00311014	4640.62	9.38447	0.017284400000000002	0.00717742	6.79997	0.014074200000000002	3.65739e-32	1.30991e-30	20.0	3.2792099999999995e-30	1.45434e-08	1.7231400000000002e-08	2.16698e-34	2.21305e-31	97.1032	0.0161035	2.9529599999999995e-31	26.9787	7.20158	0.18829500000000002	0.851993	1.0787899999999999e-05	0	5.3982699999999995e-34	2.68966e-05	0	3.24468e-33	2.97401e-30	8.501929999999999e-33	0.0005	0.00717742	
2760	1.96722	2.3626499999999997e-06	1.18024e-05	734.079	35.9205	0.12017	277.341	2469.98	0.016688599999999998	4.08251	32.6591	0.00314232	4640.44	9.55599	0.0174627	0.00725148	6.79997	0.0142505	3.6548599999999996e-32	1.3090200000000001e-30	20.0	3.27709e-30	1.4625600000000001e-08	1.73777e-08	2.18676e-34	2.2436099999999996e-31	96.4136	0.0160387	2.95881e-31	27.3499	7.22375	0.188893	0.8565440000000001	1.0882999999999999e-05	0	5.4475399999999996e-34	2.71345e-05	0	3.15363e-33	2.9745599999999993e-30	8.123329999999999e-33	0.0005	0.00725148	
2780	1.96722	2.36996e-06	1.1838800000000001e-05	733.675	36.3249	0.12140799999999999	276.98900000000003	2469.98	0.0167529	4.05353	33.0107	0.0031747	4640.27	9.72927	0.0176421	0.007326000000000001	6.79997	0.014427500000000001	3.65174e-32	1.3078799999999998e-30	20.0	3.27395e-30	1.4708000000000002e-08	1.7524599999999998e-08	2.2066399999999997e-34	2.27423e-31	95.7284	0.0159741	2.9645399999999995e-31	27.7222	7.2462800000000005	0.18948399999999999	0.8610209999999999	1.0978499999999998e-05	0	5.497169999999999e-34	2.7373e-05	0	3.04951e-33	2.9750199999999998e-30	7.747350000000001e-33	0.0005	0.007326000000000001	
2800	1.96722	2.3772900000000002e-06	1.18754e-05	733.2689999999999	36.7307	0.12266400000000001	276.637	2469.98	0.016817099999999998	4.02439	33.3633	0.00320729	4640.1	9.90433	0.0178227	0.00740098	6.79997	0.014605100000000001	3.64848e-32	1.3067199999999999e-30	20.0	3.27118e-30	1.47906e-08	1.76718e-08	2.22662e-34	2.3048899999999997e-31	95.0477	0.0159096	2.97017e-31	28.0957	7.26917	0.19006800000000001	0.8654270000000001	1.10743e-05	0	5.547019999999999e-34	2.7612399999999997e-05	0	2.9739899999999997e-33	2.97537e-30	7.53601e-33	0.0005	0.00740098	
2820	1.96722	2.38462e-06	1.19119e-05	732.862	37.1381	0.12393900000000001	276.283	2469.98	0.016881200000000002	3.9951	33.7168	0.00324009	4639.92	10.0812	0.0180043	0.00747644	6.79997	0.0147834	3.64511e-32	1.3055200000000002e-30	20.0	3.26817e-30	1.4873399999999999e-08	1.78195e-08	2.24667e-34	2.3355999999999996e-31	94.3712	0.0158451	2.97571e-31	28.4704	7.292439999999999	0.190646	0.869762	1.11703e-05	0	5.59709e-34	2.7852399999999998e-05	0	2.8790599999999998e-33	2.9756299999999997e-30	7.265169999999999e-33	0.0005	0.00747644	
2840	1.96722	2.39195e-06	1.19485e-05	732.453	37.5469	0.12523299999999998	275.92900000000003	2469.98	0.0169452	3.96567	34.0713	0.0032731	4639.74	10.2598	0.0181872	0.00755237	6.79997	0.014962399999999999	3.64214e-32	1.3044599999999999e-30	20.0	3.26559e-30	1.49564e-08	1.79677e-08	2.2668799999999998e-34	2.3663799999999996e-31	93.6991	0.0157807	2.9811599999999996e-31	28.8461	7.316089999999999	0.191217	0.8740290000000001	1.12667e-05	0	5.6475e-34	2.80932e-05	0	2.83592e-33	2.9758199999999996e-30	7.15042e-33	0.0005	0.00755237	
2860	1.96722	2.39929e-06	1.19851e-05	732.043	37.9572	0.126547	275.573	2469.98	0.017009200000000002	3.93609	34.4266	0.00330633	4639.56	10.4403	0.0183712	0.00762879	6.79997	0.015142099999999999	3.6392800000000003e-32	1.30344e-30	20.0	3.2630799999999996e-30	1.50396e-08	1.8116299999999998e-08	2.2871799999999995e-34	2.39722e-31	93.0313	0.0157163	2.98652e-31	29.223000000000003	7.34013	0.191781	0.8782280000000001	1.13633e-05	0	5.698189999999999e-34	2.8334699999999998e-05	0	2.7947100000000002e-33	2.9759599999999997e-30	7.037729999999999e-33	0.0005	0.00762879	
2880	1.96722	2.4066400000000002e-06	1.20217e-05	731.6310000000001	38.369	0.127881	275.217	2469.98	0.017072999999999998	3.9063800000000004	34.783	0.00333976	4639.38	10.6226	0.018556299999999998	0.0077057	6.79997	0.0153226	3.6362e-32	1.30233e-30	20.0	3.260129999999999e-30	1.5123e-08	1.82653e-08	2.3076399999999997e-34	2.42812e-31	92.3676	0.015652100000000002	2.9917799999999997e-31	29.601	7.36457	0.192339	0.8823610000000001	1.1460199999999999e-05	0	5.749189999999999e-34	2.8576999999999998e-05	0	2.77725e-33	2.97608e-30	7.00675e-33	0.0005	0.0077057	
2900	1.96722	2.414e-06	1.20584e-05	731.2180000000001	38.7823	0.129235	274.86	2469.98	0.017136900000000004	3.87655	35.1402	0.00337342	4639.19	10.8067	0.0187427	0.0077831	6.79997	0.0155039	3.63284e-32	1.3011199999999998e-30	20.0	3.2572e-30	1.52066e-08	1.84148e-08	2.3281599999999996e-34	2.4590999999999998e-31	91.7082	0.015587899999999998	2.99694e-31	29.9801	7.389419999999999	0.192891	0.8864290000000001	1.15575e-05	0	5.80046e-34	2.882e-05	0	2.77518e-33	2.9761999999999998e-30	6.97931e-33	0.0005	0.0077831	
2920	1.96722	2.42136e-06	1.20951e-05	730.803	39.196999999999996	0.13061	274.502	2469.98	0.017200599999999996	3.8465800000000003	35.4983	0.0034073	4639.01	10.9926	0.0189302	0.007861	6.79997	0.015685900000000003	3.64679e-32	1.3054399999999998e-30	20.0	3.2496e-30	1.52904e-08	1.85648e-08	2.34966e-34	2.4935199999999995e-31	91.0529	0.0155237	3.0023499999999996e-31	30.3603	7.414680000000001	0.193437	0.890433	1.1655e-05	0	5.853169999999999e-34	2.9063699999999998e-05	0	2.49383e-33	2.97612e-30	7.26041e-33	0.0005	0.007861	
2940	1.96722	2.4287200000000003e-06	1.2131800000000001e-05	730.387	39.6133	0.13200699999999999	274.143	2469.98	0.0172643	3.8165	35.8574	0.0034414000000000003	4638.82	11.1804	0.019119	0.0079394	6.79997	0.0158687	3.6421599999999996e-32	1.30376e-30	20.0	3.24696e-30	1.5374399999999998e-08	1.87152e-08	2.3770199999999998e-34	2.49779e-31	90.4018	0.0154596	3.0167699999999997e-31	30.7415	7.440360000000001	0.193976	0.894374	1.17528e-05	0	5.92706e-34	2.9308200000000002e-05	0	1.9115299999999998e-33	2.97604e-30	7.82299e-33	0.0005	0.0079394	
2960	1.96722	2.43609e-06	1.2168499999999999e-05	729.9689999999999	40.031	0.133426	273.783	2469.98	0.017328	3.78631	36.2174	0.00347572	4638.63	11.3701	0.019309	0.00801831	6.79997	0.0160524	3.6306699999999997e-32	1.2999799999999998e-30	20.0	3.2474799999999996e-30	1.54586e-08	1.8866e-08	2.40757e-34	2.50189e-31	89.7547	0.015395600000000002	3.03198e-31	31.1238	7.466469999999999	0.194508	0.8982540000000001	1.1850899999999999e-05	0	6.003680000000001e-34	2.95534e-05	0	2.8260799999999996e-33	2.97629e-30	6.54169e-33	0.0005	0.00801831	
2980	1.96722	2.44347e-06	1.22053e-05	729.55	40.4501	0.13486700000000001	273.422	2469.98	0.0173916	3.75601	36.5783	0.00351027	4638.44	11.5617	0.019500200000000002	0.00809773	6.79997	0.0162369	3.63133e-32	1.30054e-30	20.0	3.24243e-30	1.5543e-08	1.90173e-08	2.4263999999999998e-34	2.52759e-31	89.1117	0.0153316	3.0365699999999998e-31	31.5071	7.49303	0.195035	0.9020729999999999	1.1949300000000001e-05	0	6.04748e-34	2.97994e-05	0	2.2833499999999995e-33	2.97639e-30	7.001089999999999e-33	0.0005	0.00809773	
3000	1.96722	2.45085e-06	1.2242e-05	729.1289999999999	40.8708	0.136331	273.06	2469.98	0.017455099999999998	3.7256099999999996	36.94	0.00354505	4638.24	11.7551	0.0196927	0.00817768	6.79997	0.016422299999999997	3.62494e-32	1.2982399999999998e-30	20.0	3.24101e-30	1.56276e-08	1.91691e-08	2.4556599999999995e-34	2.5456999999999994e-31	88.4726	0.015267700000000002	3.0541099999999997e-31	31.8914	7.52003	0.195555	0.905832	1.2048099999999999e-05	0	6.13635e-34	3.00461e-05	0	2.35575e-33	2.97612e-30	7.13172e-33	0.0005	0.00817768	
3020	1.96722	2.4582299999999996e-06	1.2278800000000002e-05	728.707	41.2929	0.137818	272.697	2469.98	0.0175186	3.6951199999999997	37.3027	0.00358006	4638.05	11.9505	0.019886400000000002	0.00825814	6.79997	0.0166085	3.61178e-32	1.2938099999999999e-30	20.0	3.24184e-30	1.57123e-08	1.9321299999999998e-08	2.4778099999999994e-34	2.5715499999999996e-31	87.8376	0.015203799999999998	3.059e-31	32.2768	7.54748	0.196069	0.909533	1.2147100000000001e-05	0	6.1818499999999985e-34	3.02936e-05	0	2.64425e-33	2.97608e-30	6.7553e-33	0.0005	0.00825814	
3040	1.96722	2.4656200000000003e-06	1.23156e-05	728.284	41.7164	0.139329	272.334	2469.98	0.017582	3.6645300000000005	37.6662	0.00361531	4637.85	12.1478	0.0200815	0.00833914	6.79997	0.016795599999999997	3.6097599999999994e-32	1.29301e-30	20.0	3.2390899999999996e-30	1.57973e-08	1.94739e-08	2.4982699999999997e-34	2.59735e-31	87.2065	0.01514	3.06075e-31	32.6632	7.5754	0.196577	0.913176	1.22464e-05	0	6.22904e-34	3.05418e-05	0	2.67801e-33	2.97608e-30	6.6973e-33	0.0005	0.00833914	
3060	1.96722	2.4730099999999997e-06	1.23525e-05	727.8589999999999	42.1415	0.14086500000000002	271.969	2469.98	0.017645400000000002	3.63386	38.0307	0.00365079	4637.65	12.347000000000001	0.0202778	0.00842067	6.79997	0.0169837	3.6083e-32	1.29239e-30	20.0	3.2362299999999996e-30	1.5882399999999998e-08	1.9626999999999998e-08	2.51678e-34	2.6350599999999997e-31	86.5793	0.0150762	3.0625099999999997e-31	33.0505	7.603789999999999	0.197079	0.9167629999999999	1.2345999999999998e-05	0	6.278980000000001e-34	3.07907e-05	0	2.6658799999999997e-33	2.97608e-30	6.61579e-33	0.0005	0.00842067	
3080	1.96722	2.4804e-06	1.23893e-05	727.432	42.5679	0.142426	271.60400000000004	2469.98	0.0177087	3.60311	38.396	0.00368651	4637.45	12.5481	0.0204754	0.00850274	6.79997	0.0171727	3.60599e-32	1.29153e-30	20.0	3.23348e-30	1.59678e-08	1.97805e-08	2.5338599999999997e-34	2.6651999999999996e-31	85.9559	0.0150125	3.06428e-31	33.4389	7.6326600000000004	0.197575	0.9202940000000001	1.2445899999999999e-05	0	6.3230499999999995e-34	3.10404e-05	0	2.67629e-33	2.97608e-30	6.67215e-33	0.0005	0.00850274	
3100	1.96722	2.4878e-06	1.24262e-05	727.0039999999999	42.9959	0.144012	271.238	2469.98	0.017772	3.57228	38.7621	0.00372247	4637.25	12.7512	0.0206743	0.00858535	6.79997	0.0173626	3.60325e-32	1.2905299999999999e-30	20.0	3.23067e-30	1.6053299999999998e-08	1.99345e-08	2.55988e-34	2.71176e-31	85.3364	0.0149488	3.0662099999999996e-31	33.8282	7.66202	0.19806500000000002	0.9237700000000001	1.2546099999999998e-05	0	6.3752899999999994e-34	3.12908e-05	0	2.65821e-33	2.97607e-30	6.64088e-33	0.0005	0.00858535	
3120	1.96722	2.4952099999999997e-06	1.24631e-05	726.575	43.4253	0.145624	270.871	2469.98	0.0178352	3.5413900000000003	39.1292	0.00375868	4637.04	12.9563	0.0208745	0.00866852	6.79997	0.017553599999999996	3.60066e-32	1.2896000000000001e-30	20.0	3.22843e-30	1.6139e-08	2.0089000000000002e-08	2.5781499999999997e-34	2.7460799999999997e-31	84.7206	0.014885200000000001	3.0681299999999997e-31	34.2185	7.69187	0.198549	0.927192	1.26466e-05	0	6.426049999999999e-34	3.1542e-05	0	2.6880399999999998e-33	2.97607e-30	6.76636e-33	0.0005	0.00866852	
3140	1.96722	2.50261e-06	1.25e-05	726.1439999999999	43.8561	0.147263	270.503	2469.98	0.017898400000000002	3.5104300000000004	39.4971	0.00379513	4636.84	13.1634	0.0210761	0.00875224	6.79997	0.0177455	3.5983599999999996e-32	1.2887799999999998e-30	20.0	3.22637e-30	1.62249e-08	2.0243799999999998e-08	2.5994099999999992e-34	2.78961e-31	84.1086	0.0148216	3.0701999999999996e-31	34.6097	7.722230000000001	0.199026	0.9305620000000001	1.27474e-05	0	6.47834e-34	3.17939e-05	0	2.7106799999999997e-33	2.97612e-30	6.82723e-33	0.0005	0.00875224	
3160	1.96722	2.5100200000000002e-06	1.25369e-05	725.712	44.2884	0.148929	270.134	2469.98	0.017961599999999998	3.4794099999999997	39.8658	0.00383183	4636.63	13.3724	0.021279	0.00883653	6.79997	0.0179384	3.595869999999999e-32	1.2878999999999998e-30	20.0	3.22428e-30	1.6311e-08	2.03992e-08	2.62079e-34	2.8336999999999997e-31	83.5004	0.014758000000000002	3.0723899999999998e-31	35.0018	7.7531	0.199498	0.9338790000000001	1.2848499999999999e-05	0	6.5303699999999985e-34	3.20466e-05	0	2.7521699999999996e-33	2.97618e-30	6.95718e-33	0.0005	0.00883653	
3180	1.96722	2.51743e-06	1.2573900000000002e-05	725.278	44.7222	0.150623	269.765	2469.98	0.0180247	3.44834	40.2354	0.00386878	4636.42	13.5835	0.0214833	0.00892138	6.79997	0.0181324	3.5932499999999997e-32	1.2869499999999998e-30	20.0	3.22176e-30	1.6397299999999998e-08	2.0554999999999998e-08	2.6429e-34	2.8885899999999996e-31	82.8958	0.0146945	3.07482e-31	35.3949	7.784489999999999	0.199964	0.9371450000000001	1.2949800000000001e-05	0	6.58606e-34	3.229999999999999e-05	0	2.7922800000000003e-33	2.97629e-30	7.07238e-33	0.0005	0.00892138	
3200	1.96722	2.52485e-06	1.26108e-05	724.8430000000001	45.1574	0.152345	269.394	2469.98	0.018087799999999998	3.4172300000000004	40.6058	0.00390598	4636.2	13.7966	0.021689	0.00900681	6.79997	0.0183274	3.59007e-32	1.2858100000000002e-30	20.0	3.21892e-30	1.64838e-08	2.07112e-08	2.66192e-34	2.9138399999999997e-31	82.2949	0.014631	3.07741e-31	35.7889	7.81641	0.200424	0.9403600000000001	1.30515e-05	0	6.64056e-34	3.25542e-05	0	2.7626999999999993e-33	2.97642e-30	6.93072e-33	0.0005	0.00900681	
3220	1.96722	2.53226e-06	1.26478e-05	724.4060000000001	45.593999999999994	0.154097	269.02299999999997	2469.98	0.018150799999999998	3.3860699999999997	40.9771	0.00394344	4635.99	14.0117	0.021896099999999998	0.00909281	6.79997	0.018523400000000002	3.58774e-32	1.2849899999999999e-30	20.0	3.2170999999999996e-30	1.65705e-08	2.08679e-08	2.68434e-34	2.98136e-31	81.6976	0.014567600000000002	3.08002e-31	36.1838	7.84886	0.200878	0.943526	1.3153499999999999e-05	0	6.69704e-34	3.28091e-05	0	2.7942299999999998e-33	2.97652e-30	7.067309999999999e-33	0.0005	0.00909281	
3240	1.96722	2.53968e-06	1.26847e-05	723.9680000000001	46.0321	0.155878	268.651	2469.98	0.0182139	3.35488	41.3492	0.00398116	4635.77	14.2289	0.0221046	0.009179399999999999	6.79997	0.0187206	3.58521e-32	1.28407e-30	20.0	3.2146199999999995e-30	1.6657299999999998e-08	2.1025e-08	2.7062e-34	3.0136199999999997e-31	81.1039	0.0145042	3.0830999999999996e-31	36.5795	7.8818600000000005	0.201326	0.946642	1.32558e-05	0	6.746469999999999e-34	3.3064699999999995e-05	0	2.7759599999999998e-33	2.9766399999999997e-30	7.027109999999999e-33	0.0005	0.009179399999999999	
3260	1.96722	2.54711e-06	1.27217e-05	723.528	46.4716	0.15768900000000002	268.278	2469.98	0.0182768	3.32366	41.7222	0.00401914	4635.55	14.4481	0.0223145	0.00926658	6.79997	0.018918900000000002	3.58299e-32	1.28328e-30	20.0	3.21265e-30	1.6744400000000003e-08	2.1182599999999997e-08	2.72937e-34	3.03854e-31	80.5137	0.014440799999999998	3.08599e-31	36.9762	7.9154100000000005	0.201768	0.94971	1.3358399999999999e-05	0	6.80028e-34	3.33211e-05	0	2.7846999999999998e-33	2.9767700000000002e-30	7.01917e-33	0.0005	0.00926658	
3280	1.96722	2.55453e-06	1.2758699999999999e-05	723.087	46.9125	0.159532	267.904	2469.98	0.0183398	3.29242	42.0959	0.00405739	4635.33	14.6694	0.0225258	0.00935436	6.79997	0.019118299999999998	3.5802099999999995e-32	1.2822799999999997e-30	20.0	3.21009e-30	1.6831599999999996e-08	2.1340599999999997e-08	2.7494400000000003e-34	3.07197e-31	79.9271	0.0143774	3.08867e-31	37.3737	7.94953	0.202204	0.95273	1.3461300000000001e-05	0	6.85577e-34	3.35783e-05	0	2.7603299999999995e-33	2.9768799999999998e-30	6.93504e-33	0.0005	0.00935436	
3300	1.96722	2.5619599999999995e-06	1.27957e-05	722.645	47.3549	0.161406	267.53	2469.98	0.0184027	3.26115	42.4705	0.0040959	4635.11	14.8928	0.0227386	0.00944274	6.79997	0.019318799999999997	3.57765e-32	1.28137e-30	20.0	3.2079e-30	1.6919e-08	2.1499099999999998e-08	2.7765899999999997e-34	3.1011e-31	79.3439	0.0143141	3.09111e-31	37.772	7.984210000000001	0.20263399999999998	0.9557030000000001	1.35645e-05	0	6.913949999999999e-34	3.38361e-05	0	2.72942e-33	2.9769499999999998e-30	6.891779999999999e-33	0.0005	0.00944274	
3320	1.96722	2.56939e-06	1.28327e-05	722.201	47.7988	0.16331199999999998	267.154	2469.98	0.0184656	3.22987	42.8459	0.00413469	4634.88	15.1184	0.022952900000000002	0.00953173	6.79997	0.0195206	3.57508e-32	1.2804599999999999e-30	20.0	3.20585e-30	1.70066e-08	2.16581e-08	2.79178e-34	3.1214499999999998e-31	78.7642	0.014250799999999997	3.09347e-31	38.1712	8.01946	0.203059	0.9586290000000001	1.36679e-05	0	6.964979999999999e-34	3.40948e-05	0	2.7066299999999998e-33	2.9770099999999996e-30	6.82422e-33	0.0005	0.00953173	
3340	1.96722	2.57682e-06	1.28698e-05	721.7560000000001	48.244	0.165251	266.778	2469.98	0.0185284	3.1985900000000003	43.2221	0.00417374	4634.65	15.345999999999998	0.0231687	0.00962134	6.79997	0.0197235	3.57305e-32	1.27972e-30	20.0	3.20372e-30	1.70944e-08	2.18175e-08	2.81785e-34	3.1435599999999997e-31	78.188	0.0141876	3.09522e-31	38.5713	8.05531	0.203478	0.9615100000000001	1.37717e-05	0	7.02299e-34	3.4354200000000004e-05	0	2.7076999999999994e-33	2.9770599999999994e-30	6.792159999999999e-33	0.0005	0.00962134	
3360	1.96722	2.5842500000000003e-06	1.29068e-05	721.309	48.6907	0.167224	266.401	2469.98	0.018591299999999998	3.1673	43.5991	0.00421308	4634.42	15.5758	0.0233859	0.00971157	6.79997	0.019927599999999997	3.5702199999999993e-32	1.27871e-30	20.0	3.20131e-30	1.7182400000000003e-08	2.19773e-08	2.8397700000000004e-34	3.18651e-31	77.6151	0.0141243	3.09693e-31	38.9721	8.09174	0.20389100000000002	0.9643450000000001	1.3875799999999999e-05	0	7.0798699999999985e-34	3.46143e-05	0	2.71523e-33	2.9770999999999995e-30	6.827359999999999e-33	0.0005	0.00971157	
3380	1.96722	2.5916900000000003e-06	1.2943900000000002e-05	720.8610000000001	49.1389	0.169232	266.02299999999997	2469.98	0.0186541	3.1360099999999997	43.9769	0.00425269	4634.19	15.8077	0.0236047	0.00980243	6.79997	0.020132900000000002	3.56774e-32	1.27782e-30	20.0	3.19896e-30	1.7270599999999998e-08	2.2137599999999998e-08	2.8649299999999996e-34	3.2097599999999996e-31	77.0456	0.014061099999999998	3.0985299999999997e-31	39.3738	8.12878	0.204298	0.9671360000000001	1.39802e-05	0	7.13696e-34	3.48752e-05	0	2.7298899999999996e-33	2.97716e-30	6.89146e-33	0.0005	0.00980243	
3400	1.96722	2.5991300000000002e-06	1.29809e-05	720.4119999999999	49.5884	0.171275	265.645	2469.98	0.018716800000000002	3.10474	44.3555	0.00429258	4633.96	16.0418	0.023825	0.00989393	6.7999600000000004	0.0203395	3.5664099999999995e-32	1.27735e-30	20.0	3.19795e-30	1.73589e-08	2.22983e-08	2.8868599999999997e-34	3.2437499999999997e-31	76.4794	0.013997899999999999	3.09988e-31	39.7762	8.16642	0.204699	0.969882	1.40848e-05	0	7.191269999999999e-34	3.51368e-05	0	2.77805e-33	2.97725e-30	7.01592e-33	0.0005	0.00989393	
3420	1.96722	2.6065699999999998e-06	1.3018e-05	719.961	50.0394	0.173354	265.265	2469.98	0.0187796	3.07348	44.7348	0.00433276	4633.72	16.2781	0.0240468	0.00998607	6.7999600000000004	0.0205474	3.56411e-32	1.2765e-30	20.0	3.1954599999999996e-30	1.74475e-08	2.24595e-08	2.9051699999999997e-34	3.28509e-31	75.9165	0.013934799999999999	3.10135e-31	40.1794	8.20468	0.20509499999999997	0.972585	1.4189800000000001e-05	0	7.246419999999999e-34	3.53992e-05	0	2.75492e-33	2.97736e-30	6.928270000000001e-33	0.0005	0.00998607	
3440	1.96722	2.61401e-06	1.30551e-05	719.508	50.4918	0.175469	264.885	2469.98	0.0188423	3.04223	45.115	0.00437323	4633.48	16.5165	0.0242703	0.0100789	6.7999600000000004	0.0207565	3.56149e-32	1.2755799999999998e-30	20.0	3.19339e-30	1.7536200000000003e-08	2.26212e-08	2.92804e-34	3.32295e-31	75.3568	0.013871600000000001	3.1026999999999997e-31	40.5834	8.24357	0.205485	0.975244	1.42951e-05	0	7.3074899999999984e-34	3.56623e-05	0	2.76308e-33	2.97745e-30	6.967369999999999e-33	0.0005	0.0100789	
3460	1.96722	2.6214499999999997e-06	1.30922e-05	719.054	50.9456	0.177622	264.504	2469.98	0.018905	3.0110200000000003	45.4959	0.00441399	4633.24	16.7572	0.0244953	0.0101723	6.7999600000000004	0.0209669	3.5592399999999997e-32	1.27477e-30	19.9999	3.1912699999999996e-30	1.76251e-08	2.27833e-08	2.95363e-34	3.35638e-31	74.8005	0.013808500000000001	3.104e-31	40.9882	8.28309	0.205869	0.9778610000000001	1.4400599999999999e-05	0	7.362879999999999e-34	3.59262e-05	0	2.69421e-33	2.97752e-30	6.727039999999999e-33	0.0005	0.0101723	
3480	1.96722	2.6289e-06	1.31293e-05	718.5989999999999	51.4009	0.179814	264.122	2469.98	0.0189677	2.9798299999999998	45.8776	0.00445505	4633.0	17.0001	0.0247219	0.0102664	6.7999600000000004	0.0211787	3.5558e-32	1.2735399999999999e-30	19.9999	3.18821e-30	1.77142e-08	2.2945799999999998e-08	2.97665e-34	3.3904099999999998e-31	74.2473	0.0137455	3.10519e-31	41.3937	8.32325	0.20624800000000001	0.9804360000000001	1.45065e-05	0	7.419989999999998e-34	3.61908e-05	0	2.6756999999999997e-33	2.97754e-30	6.699129999999999e-33	0.0005	0.0102664	
3500	1.96722	2.6363499999999998e-06	1.3166400000000002e-05	718.1419999999999	51.8575	0.182045	263.74	2469.98	0.0190303	2.94868	46.2601	0.00449641	4632.75	17.2453	0.0249501	0.010361200000000001	6.7999600000000004	0.021391900000000002	3.5492499999999995e-32	1.2712700000000001e-30	19.9999	3.18565e-30	1.78035e-08	2.31088e-08	2.9997599999999996e-34	3.42473e-31	73.6973	0.013682399999999999	3.10623e-31	41.8	8.36406	0.206621	0.9829690000000001	1.46127e-05	0	7.477799999999999e-34	3.64562e-05	0	2.3773200000000003e-33	2.9774e-30	7.18469e-33	0.0005	0.010361200000000001	
3520	1.96722	2.6438e-06	1.32035e-05	717.684	52.3156	0.184315	263.357	2469.98	0.0190929	2.91757	46.6434	0.00453807	4632.51	17.4927	0.02518	0.010456700000000001	6.7999600000000004	0.0216064	3.54622e-32	1.27005e-30	19.9999	3.18318e-30	1.7893e-08	2.32723e-08	3.0229200000000005e-34	3.4591e-31	73.1504	0.013619299999999999	3.1070999999999997e-31	42.207	8.40552	0.206988	0.98546	1.4719200000000001e-05	0	7.5357699999999995e-34	3.67223e-05	0	3.59152e-33	2.97804e-30	5.28277e-33	0.0005	0.010456700000000001	
3540	1.96722	2.65125e-06	1.32406e-05	717.225	52.7751	0.186627	262.973	2469.98	0.019155500000000002	2.88651	47.0274	0.00458003	4632.26	17.7424	0.0254116	0.0105529	6.7999600000000004	0.0218222	3.54098e-32	1.2684399999999998e-30	19.9999	3.18122e-30	1.79827e-08	2.34362e-08	3.0461599999999995e-34	3.4935399999999998e-31	72.6066	0.013556299999999999	3.1077799999999997e-31	42.6147	8.44765	0.20735	0.9879110000000001	1.48259e-05	0	7.5936600000000005e-34	3.69892e-05	0	3.2955300000000003e-33	2.97887e-30	4.69654e-33	0.0005	0.0105529	
3560	1.96722	2.6587e-06	1.32777e-05	716.7639999999999	53.236000000000004	0.18898	262.58799999999997	2469.98	0.0192181	2.8555	47.4121	0.00462231	4632.01	17.9944	0.0256448	0.010649700000000002	6.7999600000000004	0.0220396	3.5441300000000004e-32	1.2693e-30	19.9999	3.17695e-30	1.8072500000000002e-08	2.3600500000000003e-08	3.0693900000000004e-34	3.52734e-31	72.066	0.0134933	3.1084199999999997e-31	43.0231	8.49045	0.207706	0.9903209999999999	1.4933e-05	0	7.6520199999999995e-34	3.72568e-05	0	2.3e-33	2.9788999999999997e-30	5.6551199999999995e-33	0.0005	0.010649700000000002	
3580	1.96722	2.6661599999999997e-06	1.33149e-05	716.302	53.6984	0.191376	262.202	2469.98	0.0192807	2.82455	47.7976	0.0046649	4631.75	18.2487	0.025879700000000002	0.0107473	6.7999600000000004	0.022258299999999998	3.5404099999999997e-32	1.26803e-30	19.9999	3.17461e-30	1.8162499999999998e-08	2.3765400000000003e-08	3.09303e-34	3.5631100000000003e-31	71.5283	0.0134303	3.1089099999999995e-31	43.4322	8.53394	0.208056	0.992691	1.50404e-05	0	7.71172e-34	3.7525100000000004e-05	0	2.2893599999999997e-33	2.9786200000000002e-30	5.8666000000000006e-33	0.0005	0.0107473	
3600	1.96722	2.6736200000000002e-06	1.33521e-05	715.8380000000001	54.1621	0.19381600000000002	261.816	2469.98	0.0193432	2.79367	48.1839	0.00470781	4631.49	18.5053	0.026116399999999998	0.0108456	6.7999600000000004	0.0224785	3.5374899999999996e-32	1.26699e-30	19.9999	3.17207e-30	1.82528e-08	2.3930599999999996e-08	3.11562e-34	3.5962999999999997e-31	70.9938	0.0133673	3.1093299999999997e-31	43.8419	8.57811	0.20840100000000003	0.995022	1.5148e-05	0	7.77185e-34	3.77943e-05	0	2.4047499999999998e-33	2.9783299999999997e-30	6.0431e-33	0.0005	0.0108456	
3620	1.96722	2.68108e-06	1.33892e-05	715.373	54.6273	0.1963	261.42900000000003	2469.98	0.0194058	2.76285	48.5709	0.00475104	4631.24	18.7643	0.0263548	0.0109446	6.7999600000000004	0.0227002	3.53473e-32	1.2659899999999999e-30	19.9999	3.16939e-30	1.8343200000000002e-08	2.40963e-08	3.140159999999999e-34	3.6496899999999993e-31	70.4622	0.013304399999999997	3.10983e-31	44.2524	8.62297	0.20874	0.9973139999999999	1.5256e-05	0	7.82807e-34	3.80641e-05	0	2.5042399999999998e-33	2.9781299999999998e-30	6.187159999999999e-33	0.0005	0.0109446	
3640	1.96722	2.6885400000000004e-06	1.34264e-05	714.9060000000001	55.0938	0.19883	261.041	2469.98	0.0194683	2.73211	48.9586	0.0047946	4630.97	19.0256	0.026595	0.011044400000000001	6.7999600000000004	0.0229234	3.53224e-32	1.26511e-30	19.9999	3.16724e-30	1.84338e-08	2.42625e-08	3.16733e-34	3.69062e-31	69.9336	0.013241399999999999	3.11033e-31	44.6635	8.66854	0.20907399999999998	0.999566	1.53643e-05	0	7.893829999999999e-34	3.83347e-05	0	2.5330399999999994e-33	2.9779799999999997e-30	6.245399999999999e-33	0.0005	0.011044400000000001	
3660	1.96722	2.696e-06	1.34636e-05	714.438	55.5618	0.201406	260.653	2469.98	0.0195308	2.70145	49.347	0.00483849	4630.71	19.2893	0.026837	0.0111449	6.7999600000000004	0.023148099999999998	3.5295199999999997e-32	1.26412e-30	19.9999	3.1646299999999994e-30	1.8524599999999997e-08	2.44291e-08	3.1902099999999993e-34	3.72678e-31	69.4079	0.0131785	3.1108699999999995e-31	45.0753	8.71482	0.209402	1.00178	1.54728e-05	0	7.95563e-34	3.86061e-05	0	2.5701999999999995e-33	2.9778500000000003e-30	6.41266e-33	0.0005	0.0111449	
3680	1.96722	2.7034699999999996e-06	1.35008e-05	713.9689999999999	56.0312	0.204029	260.264	2469.98	0.0195933	2.67087	49.7362	0.00488272	4630.44	19.5554	0.0270808	0.0112461	6.7999600000000004	0.023374400000000004	3.5185699999999995e-32	1.26056e-30	19.9999	3.16507e-30	1.86155e-08	2.45962e-08	3.2125e-34	3.76561e-31	68.8851	0.0131156	3.10914e-31	45.4877	8.76182	0.209725	1.00396	1.55817e-05	0	8.006249999999999e-34	3.88782e-05	0	2.63772e-33	2.9778199999999997e-30	6.22564e-33	0.0005	0.0112461	
3700	1.96722	2.71094e-06	1.3538e-05	713.498	56.501999999999995	0.20670100000000002	259.874	2469.98	0.019655799999999998	2.64038	50.1261	0.00492729	4630.18	19.8239	0.0273265	0.011348100000000002	6.7999600000000004	0.0236023	3.51963e-32	1.26076e-30	19.9999	3.16161e-30	1.87067e-08	2.4763700000000003e-08	3.2394199999999997e-34	3.80914e-31	68.3652	0.013052700000000002	3.11107e-31	45.9007	8.80954	0.210042	1.00609	1.56909e-05	0	8.074639999999999e-34	3.91511e-05	0	2.5244699999999997e-33	2.9778399999999996e-30	6.05679e-33	0.0005	0.011348100000000002	
3720	1.96722	2.71841e-06	1.35752e-05	713.0260000000001	56.9741	0.20942199999999997	259.483	2469.98	0.0197182	2.6099900000000003	50.5167	0.0049722	4629.91	20.0949	0.027574	0.0114509	6.7999600000000004	0.0238317	3.5125699999999994e-32	1.25839e-30	19.9999	3.161e-30	1.8798e-08	2.49317e-08	3.2630699999999996e-34	3.87003e-31	67.8482	0.0129898	3.11382e-31	46.3144	8.857999999999999	0.21035399999999999	1.0082	1.58003e-05	0	8.140919999999999e-34	3.9424699999999995e-05	0	2.68318e-33	2.9777499999999996e-30	5.86002e-33	0.0005	0.0114509	
3740	1.96722	2.7258799999999995e-06	1.36124e-05	712.552	57.4477	0.212194	259.092	2469.98	0.019780700000000002	2.5797	50.908	0.00501747	4629.63	20.3683	0.027823400000000005	0.0115545	6.7999600000000004	0.0240628	3.51024e-32	1.2575399999999998e-30	19.9999	3.1585200000000004e-30	1.8889599999999997e-08	2.51001e-08	3.279269999999999e-34	3.91685e-31	67.334	0.0129269	3.1026299999999997e-31	46.7286	8.90719	0.21066100000000001	1.01026	1.59101e-05	0	8.165e-34	3.96991e-05	0	2.45017e-33	2.9780499999999998e-30	5.89326e-33	0.0005	0.0115545	
3760	1.96722	2.73335e-06	1.36497e-05	712.077	57.9227	0.215017	258.7	2469.98	0.0198431	2.5495099999999997	51.3001	0.00506309	4629.36	20.6442	0.0280748	0.0116589	6.7999600000000004	0.0242955	3.5156599999999996e-32	1.25921e-30	19.9999	3.1539899999999997e-30	1.89813e-08	2.5269e-08	3.3033999999999998e-34	3.95329e-31	66.8227	0.0128641	3.10025e-31	47.1435	8.957139999999999	0.21096199999999998	1.01229	1.60202e-05	0	8.223089999999999e-34	3.99742e-05	0	2.5525999999999998e-33	2.97803e-30	5.5222199999999995e-33	0.0005	0.0116589	
3780	1.96722	2.7408299999999996e-06	1.3686900000000001e-05	711.6010000000001	58.3991	0.21789299999999998	258.307	2469.98	0.0199055	2.51943	51.6928	0.00510907	4629.08	20.9225	0.028328100000000002	0.011764100000000001	6.7999600000000004	0.02453	3.5079099999999997e-32	1.25666e-30	19.9999	3.1528700000000002e-30	1.9073200000000002e-08	2.54383e-08	3.31808e-34	4.00306e-31	66.3141	0.0128012	3.0940699999999996e-31	47.5589	9.00784	0.211258	1.0142799999999998	1.61306e-05	0	8.269529999999999e-34	4.02501e-05	0	2.6298299999999994e-33	2.9779799999999997e-30	5.4794399999999995e-33	0.0005	0.011764100000000001	
3800	1.96722	2.7483099999999994e-06	1.3724200000000002e-05	711.123	58.8769	0.220823	257.914	2469.98	0.0199679	2.4894700000000003	52.0862	0.00515541	4628.8	21.2034	0.028583299999999996	0.011870100000000001	6.7999600000000004	0.024766099999999996	3.5083199999999996e-32	1.25672e-30	19.9999	3.1494599999999994e-30	1.91653e-08	2.56081e-08	3.34609e-34	4.04938e-31	65.8082	0.0127384	3.09341e-31	47.975	9.0593	0.211548	1.01623	1.62412e-05	0	8.335689999999999e-34	4.05268e-05	0	2.30905e-33	2.9781099999999995e-30	5.5587700000000005e-33	0.0005	0.011870100000000001	
3820	1.96722	2.75579e-06	1.37615e-05	710.6439999999999	59.356	0.22380799999999998	257.52	2469.98	0.0200303	2.4596400000000003	52.4803	0.00520213	4628.51	21.4868	0.0288406	0.011977	6.7999600000000004	0.025004	3.50929e-32	1.25686e-30	19.9999	3.1463499999999997e-30	1.9257599999999998e-08	2.5778400000000003e-08	3.37268e-34	4.07805e-31	65.3051	0.0126756	3.0950399999999998e-31	48.3916	9.11153	0.21183400000000002	1.01815	1.63522e-05	0	8.40638e-34	4.08041e-05	0	2.3729299999999997e-33	2.9777299999999994e-30	5.72891e-33	0.0005	0.011977	
3840	1.96722	2.7632799999999997e-06	1.37988e-05	710.163	59.8366	0.22684899999999997	257.125	2469.98	0.0200927	2.42992	52.8751	0.00524923	4628.23	21.7728	0.0291	0.0120847	6.7999600000000004	0.025243599999999998	3.5069999999999996e-32	1.25602e-30	19.9999	3.1438999999999998e-30	1.93501e-08	2.5949100000000002e-08	3.4014899999999997e-34	4.11911e-31	64.8047	0.012612700000000001	3.09619e-31	48.8087	9.164530000000001	0.212114	1.02003	1.64635e-05	0	8.474939999999998e-34	4.10823e-05	0	2.41387e-33	2.9774400000000002e-30	5.9225999999999996e-33	0.0005	0.0120847	
3860	1.96722	2.7707599999999995e-06	1.38361e-05	709.681	60.3185	0.22994699999999998	256.72900000000004	2469.98	0.0201551	2.4003400000000004	53.2706	0.00529671	4627.94	22.0613	0.029361400000000003	0.012193299999999999	6.7999600000000004	0.0254851	3.5036699999999996e-32	1.25486e-30	19.9999	3.1413899999999998e-30	1.94428e-08	2.6120200000000003e-08	3.42871e-34	4.15163e-31	64.3069	0.0125499	3.09722e-31	49.2264	9.21832	0.212389	1.02188	1.6575e-05	0	8.543049999999998e-34	4.13612e-05	0	2.4515e-33	2.9772099999999998e-30	6.0515199999999996e-33	0.0005	0.012193299999999999	
3880	1.96722	2.77825e-06	1.38734e-05	709.198	60.8019	0.233104	256.33299999999997	2469.98	0.020217500000000003	2.37089	53.6668	0.00534458	4627.65	22.3524	0.029624900000000003	0.0123027	6.7999600000000004	0.025728300000000003	3.50069e-32	1.25381e-30	19.9999	3.13901e-30	1.95357e-08	2.6291799999999997e-08	3.4539399999999995e-34	4.19209e-31	63.8118	0.012487100000000001	3.098e-31	49.6446	9.2729	0.21265900000000001	1.02369	1.66869e-05	0	8.609969999999999e-34	4.1640799999999996e-05	0	2.49096e-33	2.9770099999999996e-30	6.17068e-33	0.0005	0.0123027	
3900	1.96722	2.78575e-06	1.3910799999999999e-05	708.7130000000001	61.2866	0.23631999999999997	255.93599999999998	2469.98	0.0202798	2.34158	54.0636	0.00539284	4627.35	22.6461	0.0298906	0.012412999999999999	6.7999600000000004	0.025973400000000004	3.4979699999999994e-32	1.2528299999999998e-30	19.9999	3.13649e-30	1.96287e-08	2.6463900000000002e-08	3.48129e-34	4.22404e-31	63.3193	0.0124243	3.0985299999999997e-31	50.0634	9.32828	0.212923	1.02547	1.67991e-05	0	8.6783e-34	4.19212e-05	0	2.52341e-33	2.9768599999999995e-30	6.26438e-33	0.0005	0.012412999999999999	
3920	1.96722	2.79324e-06	1.39481e-05	708.227	61.7728	0.239598	255.53900000000002	2469.98	0.0203422	2.31241	54.4611	0.00544151	4627.06	22.9425	0.030158400000000002	0.0125243	6.7999600000000004	0.0262204	3.4955599999999996e-32	1.25196e-30	19.9999	3.1342099999999996e-30	1.9722e-08	2.66364e-08	3.5095499999999998e-34	4.25795e-31	62.8294	0.0123615	3.0988399999999997e-31	50.4826	9.38446	0.21318299999999998	1.02722	1.69116e-05	0	8.749069999999998e-34	4.22024e-05	0	2.5549299999999995e-33	2.97673e-30	6.36605e-33	0.0005	0.0125243	
3940	1.96722	2.80074e-06	1.39855e-05	707.74	62.2603	0.24293800000000002	255.141	2469.98	0.0204045	2.2834	54.8593	0.00549059	4626.76	23.2415	0.030428500000000004	0.012636399999999999	6.7999600000000004	0.026469299999999998	3.49278e-32	1.25097e-30	19.9999	3.13177e-30	1.98154e-08	2.68094e-08	3.5366199999999997e-34	4.2930599999999996e-31	62.3421	0.012298700000000001	3.0987699999999997e-31	50.9024	9.44144	0.213437	1.02893	1.70244e-05	0	8.81625e-34	4.24843e-05	0	2.58601e-33	2.97663e-30	6.44943e-33	0.0005	0.012636399999999999	
3960	1.96722	2.8082400000000003e-06	1.4022799999999999e-05	707.2510000000001	62.7492	0.24634099999999998	254.74200000000002	2469.98	0.0204669	2.25454	55.2581	0.00554008	4626.46	23.5432	0.030700799999999997	0.0127495	6.7999600000000004	0.0267202	3.48973e-32	1.24987e-30	19.9999	3.1289699999999998e-30	1.9909e-08	2.69828e-08	3.5634199999999997e-34	4.312749999999999e-31	61.8574	0.0122359	3.0983799999999995e-31	51.3227	9.49925	0.213687	1.03061	1.71374e-05	0	8.884210000000001e-34	4.27669e-05	0	2.59799e-33	2.9765699999999996e-30	6.426229999999998e-33	0.0005	0.0127495	
3980	1.96722	2.8157400000000003e-06	1.40602e-05	706.7610000000001	63.2394	0.249809	254.342	2469.98	0.0205292	2.2258299999999998	55.6576	0.00558999	4626.15	23.8476	0.030975400000000004	0.0128636	6.7999600000000004	0.0269731	3.486569999999999e-32	1.24874e-30	19.9999	3.1261599999999996e-30	2.0002900000000002e-08	2.7156700000000003e-08	3.59048e-34	4.347379999999999e-31	61.3751	0.012173200000000002	3.09749e-31	51.7434	9.55787	0.213932	1.03225	1.72508e-05	0	8.95095e-34	4.30503e-05	0	2.6126599999999998e-33	2.97649e-30	6.519909999999999e-33	0.0005	0.0128636	
4000	1.96722	2.82325e-06	1.40976e-05	706.2689999999999	63.7311	0.253344	253.942	2469.98	0.020591599999999998	2.19728	56.0577	0.00564034	4625.85	24.1547	0.0312523	0.0129786	6.7999600000000004	0.027228	3.48389e-32	1.24778e-30	19.9999	3.12372e-30	2.00969e-08	2.73311e-08	3.6169599999999995e-34	4.38202e-31	60.8954	0.0121104	3.0964e-31	52.1647	9.61732	0.214171	1.03386	1.73645e-05	0	9.017989999999999e-34	4.3334499999999997e-05	0	2.61859e-33	2.9764499999999998e-30	6.54994e-33	0.0005	0.0129786	
4020	1.96722	2.83076e-06	1.41351e-05	705.7760000000001	64.2241	0.256947	253.542	2469.98	0.020653900000000003	2.16891	56.4585	0.00569112	4625.54	24.4645	0.0315316	0.013094499999999999	6.7999600000000004	0.0274849	3.48118e-32	1.24681e-30	19.9999	3.1213299999999998e-30	2.01911e-08	2.7505900000000003e-08	3.64398e-34	4.41941e-31	60.4182	0.0120476	3.09509e-31	52.5863	9.677610000000001	0.21440599999999999	1.03544	1.74785e-05	0	9.085169999999999e-34	4.36194e-05	0	2.63873e-33	2.9764099999999996e-30	6.59538e-33	0.0005	0.013094499999999999	
4040	1.96722	2.83828e-06	1.41725e-05	705.2810000000001	64.7186	0.26061799999999996	253.14	2469.98	0.0207162	2.1407	56.8599	0.00574235	4625.22	24.7772	0.031813299999999996	0.013211500000000001	6.7999600000000004	0.027743900000000002	3.4787499999999994e-32	1.2459399999999999e-30	19.9999	3.11917e-30	2.02855e-08	2.76811e-08	3.6707099999999996e-34	4.4506399999999994e-31	59.9434	0.0119848	3.09354e-31	53.0085	9.73874	0.214637	1.0369899999999999	1.75928e-05	0	9.15223e-34	4.39051e-05	0	2.64936e-33	2.97639e-30	6.628430000000001e-33	0.0005	0.013211500000000001	
4060	1.96722	2.84579e-06	1.421e-05	704.7860000000001	65.2144	0.26436	252.738	2469.98	0.020778599999999998	2.11266	57.262	0.00579403	4624.91	25.0926	0.0320974	0.0133295	6.7999600000000004	0.028005099999999998	3.47602e-32	1.24496e-30	19.9999	3.1167e-30	2.03801e-08	2.78568e-08	3.69742e-34	4.48425e-31	59.471000000000004	0.011922	3.09172e-31	53.4311	9.80071	0.214862	1.0385	1.77074e-05	0	9.21933e-34	4.41916e-05	0	2.6582899999999997e-33	2.9763799999999997e-30	6.647899999999999e-33	0.0005	0.0133295	
4080	1.96722	2.8533099999999997e-06	1.42475e-05	704.288	65.7115	0.268175	252.335	2469.98	0.020840900000000002	2.0848	57.6646	0.00584617	4624.59	25.4108	0.032383999999999996	0.0134486	6.7999600000000004	0.028268400000000003	3.47327e-32	1.24397e-30	19.9999	3.11413e-30	2.04749e-08	2.8033e-08	3.72378e-34	4.50944e-31	59.001000000000005	0.0118593	3.08951e-31	53.8541	9.86353	0.215083	1.03998	1.78223e-05	0	9.285650000000001e-34	4.44788e-05	0	2.69075e-33	2.9763699999999998e-30	6.7773e-33	0.0005	0.0134486	
4100	1.96722	2.86084e-06	1.4285e-05	703.79	66.2101	0.272063	251.93200000000002	2469.98	0.0209032	2.0571200000000003	58.0679	0.00589879	4624.27	25.7319	0.0326732	0.0135686	6.7999600000000004	0.028533999999999997	3.47033e-32	1.2429299999999998e-30	19.9999	3.11162e-30	2.0569900000000003e-08	2.82096e-08	3.7503899999999996e-34	4.5479e-31	58.5335	0.0117965	3.087e-31	54.2776	9.92721	0.215299	1.04144	1.79374e-05	0	9.352139999999998e-34	4.47667e-05	0	2.6741199999999996e-33	2.9764099999999996e-30	6.6625e-33	0.0005	0.0135686	
4120	1.96722	2.86837e-06	1.43225e-05	703.29	66.71	0.27602600000000005	251.528	2469.98	0.0209655	2.02963	58.4719	0.00595188	4623.94	26.0558	0.032964999999999994	0.0136898	6.79995	0.0288018	3.46748e-32	1.2419e-30	19.9999	3.1090199999999997e-30	2.0665e-08	2.8386700000000002e-08	3.7774300000000004e-34	4.5825e-31	58.0683	0.0117337	3.0842799999999997e-31	54.7015	9.991760000000001	0.21550999999999998	1.0428600000000001	1.80529e-05	0	9.41952e-34	4.50554e-05	0	2.6568e-33	2.9763999999999997e-30	6.643729999999999e-33	0.0005	0.0136898	
4140	1.96722	2.8759e-06	1.436e-05	702.789	67.2113	0.280066	251.12400000000002	2469.98	0.021027900000000002	2.0023299999999997	58.8764	0.00600545	4623.62	26.3827	0.0332593	0.0138121	6.79995	0.029071800000000002	3.4649199999999994e-32	1.24098e-30	19.9999	3.10665e-30	2.0760400000000004e-08	2.85642e-08	3.80554e-34	4.62034e-31	57.6054	0.0116709	3.08132e-31	55.1258	10.0572	0.21571700000000002	1.04425	1.8168699999999998e-05	0	9.48582e-34	4.53449e-05	0	2.66112e-33	2.9763999999999997e-30	6.620470000000001e-33	0.0005	0.0138121	
4160	1.96722	2.88343e-06	1.43976e-05	702.2860000000001	67.714	0.284184	250.718	2469.98	0.0210902	1.97522	59.2816	0.00605953	4623.29	26.7124	0.0335564	0.013935399999999999	6.79995	0.029344299999999997	3.4627599999999996e-32	1.24021e-30	19.9999	3.10408e-30	2.0855999999999998e-08	2.87422e-08	3.82855e-34	4.631269999999999e-31	57.1449	0.0116082	3.07658e-31	55.5505	10.1234	0.21591999999999997	1.04561	1.82848e-05	0	9.54606e-34	4.56351e-05	0	2.71259e-33	2.9765499999999997e-30	6.541289999999999e-33	0.0005	0.013935399999999999	
4180	1.96722	2.89097e-06	1.44351e-05	701.7819999999999	68.218	0.288383	250.313	2469.98	0.0211525	1.9483	59.6873	0.006114100000000001	4622.95	27.0451	0.033856199999999996	0.014059899999999998	6.79995	0.0296191	3.45949e-32	1.23905e-30	19.9999	3.10185e-30	2.0951699999999998e-08	2.89207e-08	3.85228e-34	4.66028e-31	56.6867	0.011545399999999999	3.07117e-31	55.9756	10.1906	0.21611799999999998	1.04694	1.84013e-05	0	9.606089999999998e-34	4.5926099999999994e-05	0	2.74138e-33	2.97665e-30	6.47935e-33	0.0005	0.014059899999999998	
4200	1.96722	2.8985200000000004e-06	1.44727e-05	701.2769999999999	68.7235	0.292663	249.90599999999998	2469.98	0.0212148	1.9215799999999998	60.0937	0.0061692	4622.62	27.3808	0.0341588	0.0141856	6.79995	0.029896299999999997	3.45709e-32	1.2381799999999999e-30	19.9999	3.0998099999999997e-30	2.10477e-08	2.9099599999999997e-08	3.87704e-34	4.68796e-31	56.2307	0.0114826	3.06693e-31	56.4011	10.2586	0.216311	1.04824	1.8517999999999998e-05	0	9.66992e-34	4.6217799999999996e-05	0	2.6335299999999998e-33	2.97662e-30	6.509249999999999e-33	0.0005	0.0141856	
4220	1.96722	2.9060599999999998e-06	1.4510299999999999e-05	700.77	69.2302	0.297026	249.49900000000002	2469.98	0.021277200000000003	1.8950599999999997	60.5007	0.00622482	4622.28	27.7195	0.0344642	0.0143124	6.79995	0.030175999999999998	3.4546099999999994e-32	1.2372999999999999e-30	19.9999	3.0975599999999996e-30	2.1143900000000002e-08	2.9279e-08	3.903299999999999e-34	4.72827e-31	55.777	0.011419799999999999	3.06257e-31	56.8269	10.3276	0.21650100000000003	1.04951	1.8635e-05	0	9.734939999999998e-34	4.6510299999999994e-05	0	2.63292e-33	2.97658e-30	6.617529999999999e-33	0.0005	0.0143124	
4240	1.96722	2.91362e-06	1.4548e-05	700.262	69.7384	0.301475	249.092	2469.98	0.0213395	1.86874	60.9083	0.00628097	4621.94	28.0612	0.034772500000000005	0.014440399999999999	6.79995	0.030458199999999998	3.4521499999999997e-32	1.23641e-30	19.9999	3.09522e-30	2.12402e-08	2.94588e-08	3.928719999999999e-34	4.75878e-31	55.3256	0.011356999999999999	3.05816e-31	57.2532	10.3974	0.21668600000000002	1.05075	1.87523e-05	0	9.79946e-34	4.6803599999999993e-05	0	2.63196e-33	2.9765699999999996e-30	6.58415e-33	0.0005	0.014440399999999999	
4260	1.96722	2.92117e-06	1.45856e-05	699.752	70.2479	0.30601100000000003	248.68400000000003	2469.98	0.0214019	1.84264	61.3164	0.00633767	4621.59	28.4059	0.035083699999999995	0.0145697	6.79995	0.030743	3.44964e-32	1.23552e-30	19.9999	3.0931499999999998e-30	2.13368e-08	2.9639099999999997e-08	3.95476e-34	4.793619999999999e-31	54.8764	0.0112942	3.0534e-31	57.6797	10.4681	0.216867	1.05197	1.88699e-05	0	9.86463e-34	4.70976e-05	0	2.6399299999999996e-33	2.9765399999999998e-30	6.56447e-33	0.0005	0.0145697	
4280	1.96722	2.92873e-06	1.46233e-05	699.2410000000001	70.7588	0.310635	248.275	2469.98	0.0214642	1.8167400000000002	61.7252	0.00639492	4621.25	28.7538	0.035398	0.014700200000000002	6.79995	0.0310305	3.44758e-32	1.2347799999999999e-30	19.9999	3.09118e-30	2.1433499999999998e-08	2.98198e-08	3.9821899999999995e-34	4.83959e-31	54.4293	0.011231399999999999	3.04856e-31	58.1067	10.5397	0.21704400000000001	1.05316	1.89878e-05	0	9.93163e-34	4.73924e-05	0	2.6338499999999996e-33	2.97651e-30	6.56319e-33	0.0005	0.014700200000000002	
4300	1.96722	2.9363e-06	1.4660999999999999e-05	698.7289999999999	71.271	0.31535	247.86599999999999	2469.98	0.0215266	1.79105	62.1345	0.00645274	4620.9	29.1047	0.035715300000000005	0.014831899999999999	6.79995	0.0313205	3.4449199999999997e-32	1.23382e-30	19.9999	3.0888099999999997e-30	2.15305e-08	3.00011e-08	4.0068e-34	4.8763599999999995e-31	53.9845	0.0111686	3.04371e-31	58.534	10.6122	0.217216	1.0543200000000001	1.91061e-05	0	9.99491e-34	4.76879e-05	0	2.6955e-33	2.9764999999999996e-30	6.7887e-33	0.0005	0.014831899999999999	
4320	1.96722	2.9438599999999996e-06	1.4698699999999999e-05	698.215	71.7846	0.320158	247.456	2469.98	0.0215889	1.76558	62.5444	0.00651114	4620.54	29.4589	0.0360357	0.014965000000000001	6.79995	0.0316134	3.4423899999999997e-32	1.23292e-30	19.9999	3.0865499999999997e-30	2.1627600000000002e-08	3.0182700000000003e-08	4.033259999999999e-34	4.9158e-31	53.5418	0.011105799999999999	3.03863e-31	58.9616	10.6857	0.217385	1.05545	1.92246e-05	0	1.0060199999999999e-33	4.79842e-05	0	2.6957399999999995e-33	2.9765399999999998e-30	6.76625e-33	0.0005	0.014965000000000001	
4340	1.96722	2.95144e-06	1.47365e-05	697.7	72.2996	0.32506	247.045	2469.98	0.021651300000000002	1.74032	62.9549	0.00657013	4620.18	29.8161	0.036359300000000004	0.0150994	6.79995	0.031909	3.43995e-32	1.23204e-30	19.9999	3.0842499999999998e-30	2.1724999999999998e-08	3.03649e-08	4.059819999999999e-34	4.95442e-31	53.1012	0.0110429	3.0334599999999997e-31	59.3895	10.76	0.21755	1.05655	1.93434e-05	0	1.01262e-33	4.82813e-05	0	2.55722e-33	2.97651e-30	6.30257e-33	0.0005	0.0150994	
4360	1.96722	2.9590100000000002e-06	1.47742e-05	697.184	72.8159	0.330059	246.63400000000001	2469.98	0.0217137	1.7152900000000002	63.3659	0.00662972	4619.82	30.1766	0.036686199999999995	0.0152351	6.79995	0.032207400000000004	3.43699e-32	1.23098e-30	19.9999	3.08168e-30	2.18225e-08	3.0547400000000004e-08	4.08705e-34	4.994169999999999e-31	52.6628	0.0109801	3.02817e-31	59.8178	10.8352	0.21771100000000002	1.0576299999999998	1.94626e-05	0	1.01921e-33	4.85791e-05	0	2.5336699999999998e-33	2.9763799999999997e-30	6.29287e-33	0.0005	0.0152351	
4380	1.96722	2.9666e-06	1.4812e-05	696.666	73.3336	0.33515700000000004	246.22299999999998	2469.98	0.0217761	1.6904700000000001	63.7775	0.00668992	4619.46	30.5404	0.0370163	0.0153722	6.79995	0.0325088	3.43388e-32	1.22987e-30	19.9999	3.0788599999999996e-30	2.19203e-08	3.07305e-08	4.11362e-34	5.04153e-31	52.2265	0.010917200000000002	3.02278e-31	60.2464	10.9114	0.21786799999999998	1.0586799999999998	1.9582e-05	0	1.0260599999999998e-33	4.88777e-05	0	2.53555e-33	2.97625e-30	6.30406e-33	0.0005	0.0153722	
4400	1.96722	2.97418e-06	1.48498e-05	696.1469999999999	73.8526	0.340355	245.81	2469.98	0.0218385	1.66588	64.1897	0.00675075	4619.09	30.9074	0.037349900000000005	0.0155107	6.79995	0.0328131	3.43124e-32	1.22892e-30	19.9999	3.0764699999999997e-30	2.20182e-08	3.0914e-08	4.140389999999999e-34	5.0793299999999995e-31	51.7923	0.0108544	3.01737e-31	60.6752	10.9885	0.218021	1.05971	1.97018e-05	0	1.0326099999999999e-33	4.91771e-05	0	2.57684e-33	2.97615e-30	6.38383e-33	0.0005	0.0155107	
4420	1.96722	2.98177e-06	1.48877e-05	695.627	74.373	0.345656	245.398	2469.98	0.0219009	1.6415099999999998	64.6024	0.00681221	4618.72	31.2777	0.0376869	0.0156507	6.79995	0.0331204	3.42849e-32	1.2279399999999999e-30	19.9999	3.0740699999999996e-30	2.21163e-08	3.1098e-08	4.166919999999999e-34	5.11925e-31	51.3601	0.0107915	3.0117899999999997e-31	61.1044	11.0665	0.21816999999999998	1.06071	1.98218e-05	0	1.03938e-33	4.94772e-05	0	2.62006e-33	2.97607e-30	6.55687e-33	0.0005	0.0156507	
4440	1.96722	2.98937e-06	1.49255e-05	695.105	74.8948	0.351062	244.984	2469.98	0.021963299999999998	1.61737	65.0156	0.00687433	4618.35	31.6514	0.0380274	0.015792	6.79995	0.033430800000000004	3.4260199999999994e-32	1.22705e-30	19.9999	3.07183e-30	2.22147e-08	3.1282400000000004e-08	4.19399e-34	5.159e-31	50.93	0.0107286	3.0060699999999997e-31	61.5339	11.1454	0.21831599999999998	1.06169	1.99422e-05	0	1.0461400000000002e-33	4.9778000000000004e-05	0	2.6771300000000003e-33	2.97605e-30	6.71392e-33	0.0005	0.015792	
4460	1.96722	2.99697e-06	1.49634e-05	694.582	75.4179	0.356575	244.571	2469.98	0.022025700000000002	1.59345	65.4295	0.00693711	4617.97	32.0285	0.038371499999999996	0.0159349	6.79995	0.0337444	3.42301e-32	1.22597e-30	19.9999	3.0690699999999998e-30	2.2313200000000004e-08	3.1467299999999996e-08	4.221119999999999e-34	5.198839999999999e-31	50.501999999999995	0.010665700000000002	3.0002099999999997e-31	61.9636	11.2253	0.21845900000000001	1.06264	2.00629e-05	0	1.05292e-33	5.00797e-05	0	2.6788499999999998e-33	2.97607e-30	6.669669999999999e-33	0.0005	0.0159349	
4480	1.96722	3.00458e-06	1.5001300000000002e-05	694.058	75.9423	0.362197	244.15599999999998	2469.98	0.022088099999999996	1.56977	65.8438	0.00700057	4617.59	32.4089	0.038719199999999995	0.0160793	6.79995	0.0340611	3.42035e-32	1.22502e-30	19.9999	3.06668e-30	2.2412000000000002e-08	3.16527e-08	4.24836e-34	5.23883e-31	50.0759	0.010602799999999999	2.99421e-31	62.3937	11.3061	0.21859699999999999	1.0635700000000001	2.01838e-05	0	1.0597199999999999e-33	5.03821e-05	0	2.64702e-33	2.9760599999999997e-30	6.56531e-33	0.0005	0.0160793	
4500	1.96722	3.01219e-06	1.50392e-05	693.5319999999999	76.4681	0.36793200000000004	243.74099999999999	2469.98	0.022150599999999996	1.5463200000000001	66.2587	0.00706472	4617.21	32.7929	0.0390707	0.016225299999999998	6.79995	0.034381199999999994	3.41733e-32	1.2239399999999998e-30	19.9999	3.06408e-30	2.25109e-08	3.18385e-08	4.275669999999999e-34	5.27894e-31	49.6519	0.0105399	2.98806e-31	62.824	11.3878	0.21873299999999998	1.06447	2.03051e-05	0	1.06655e-33	5.06853e-05	0	2.57237e-33	2.9759899999999996e-30	6.38484e-33	0.0005	0.016225299999999998	
4520	1.96722	3.0198000000000003e-06	1.50772e-05	693.005	76.9953	0.37378	243.326	2469.98	0.022213099999999996	1.52309	66.6741	0.00712958	4616.82	33.1803	0.039425999999999996	0.016372799999999996	6.79995	0.0347046	3.41508e-32	1.2231399999999998e-30	19.9999	3.06209e-30	2.2610099999999997e-08	3.20248e-08	4.30301e-34	5.308769999999999e-31	49.2299	0.010477	2.98165e-31	63.2545	11.4705	0.218865	1.06535	2.0426700000000002e-05	0	1.0733800000000001e-33	5.09892e-05	0	2.59211e-33	2.97591e-30	6.46106e-33	0.0005	0.016372799999999996	
4540	1.96722	3.02742e-06	1.51152e-05	692.4760000000001	77.5238	0.37974600000000003	242.91	2469.98	0.0222755	1.5001	67.0901	0.00719516	4616.43	33.5712	0.0397851	0.016522	6.79995	0.035031400000000004	3.4128599999999996e-32	1.2223399999999998e-30	19.9999	3.0601299999999996e-30	2.27094e-08	3.2211500000000004e-08	4.33113e-34	5.362189999999999e-31	48.8098	0.010414	2.9752199999999998e-31	63.6853	11.5541	0.218993	1.06621	2.0548600000000002e-05	0	1.0803099999999998e-33	5.12939e-05	0	2.56286e-33	2.9758199999999996e-30	6.353979999999998e-33	0.0005	0.016522	
4560	1.96722	3.03505e-06	1.51532e-05	691.946	78.0536	0.38583	242.493	2469.98	0.022338	1.47735	67.5065	0.00726147	4616.03	33.9657	0.0401483	0.016672700000000002	6.79995	0.035361699999999996	3.41113e-32	1.2217299999999997e-30	19.9999	3.0585799999999998e-30	2.2808900000000004e-08	3.23988e-08	4.3586400000000006e-34	5.38548e-31	48.3917	0.0103511	2.9684199999999997e-31	64.1164	11.6386	0.21911799999999998	1.06705	2.06708e-05	0	1.08732e-33	5.15994e-05	0	2.56868e-33	2.9757099999999994e-30	6.399759999999999e-33	0.0005	0.016672700000000002	
4580	1.96722	3.0426799999999996e-06	1.51912e-05	691.415	78.5848	0.392036	242.076	2469.98	0.0224005	1.45482	67.9235	0.00732854	4615.64	34.3638	0.040515499999999996	0.016825200000000002	6.79995	0.035695599999999994	3.4084099999999997e-32	1.22075e-30	19.9999	3.0561499999999998e-30	2.29087e-08	3.25864e-08	4.38526e-34	5.420179999999999e-31	47.9755	0.0102881	2.9613499999999996e-31	64.5477	11.7241	0.219241	1.06786	2.07933e-05	0	1.09416e-33	5.190560000000001e-05	0	2.6051999999999995e-33	2.97564e-30	6.509189999999999e-33	0.0005	0.016825200000000002	
4600	1.96722	3.05031e-06	1.52293e-05	690.883	79.1174	0.398366	241.65900000000002	2469.98	0.022463099999999996	1.43254	68.34100000000001	0.00739637	4615.23	34.7656	0.04088680000000001	0.016979400000000002	6.79995	0.0360332	3.4058e-32	1.21981e-30	19.9999	3.05372e-30	2.3008599999999996e-08	3.27746e-08	4.41189e-34	5.4531099999999996e-31	47.5612	0.0102251	2.9540099999999995e-31	64.9793	11.8105	0.21935900000000003	1.06865	2.09161e-05	0	1.10088e-33	5.22126e-05	0	2.63319e-33	2.9755900000000002e-30	6.593109999999999e-33	0.0005	0.016979400000000002	
4620	1.96722	3.05795e-06	1.52673e-05	690.3489999999999	79.6513	0.404823	241.24099999999999	2469.98	0.022525599999999996	1.41049	68.7591	0.00746499	4614.83	35.171	0.041262400000000005	0.017135400000000002	6.79995	0.0363745	3.40286e-32	1.21876e-30	19.9999	3.05108e-30	2.31088e-08	3.29632e-08	4.43746e-34	5.491279999999999e-31	47.1489	0.0101621	2.9463799999999997e-31	65.411	11.8979	0.219475	1.06942	2.10392e-05	0	1.1075399999999999e-33	5.25204e-05	0	2.67187e-33	2.97558e-30	6.69458e-33	0.0005	0.017135400000000002	
4640	1.96722	3.06559e-06	1.53054e-05	689.813	80.1865	0.41141000000000005	240.822	2469.98	0.022588099999999996	1.38867	69.1776	0.007534399999999999	4614.42	35.5802	0.0416423	0.0172931	6.79995	0.0367195	3.4001900000000003e-32	1.2177999999999999e-30	19.9999	3.04865e-30	2.3209100000000002e-08	3.31523e-08	4.4651599999999995e-34	5.5338599999999995e-31	46.7384	0.010099	2.9386999999999996e-31	65.843	11.9862	0.219588	1.07017	2.11627e-05	0	1.1140699999999998e-33	5.2829e-05	0	2.6624799999999997e-33	2.9755900000000002e-30	6.671259999999999e-33	0.0005	0.0172931	
4660	1.96722	3.0732400000000003e-06	1.53436e-05	689.2769999999999	80.7231	0.418129	240.403	2469.98	0.0226507	1.36709	69.5966	0.00760464	4614.01	35.9931	0.0420265	0.0174527	6.79995	0.0370685	3.3976e-32	1.21687e-30	19.9999	3.04632e-30	2.3309700000000002e-08	3.3341800000000004e-08	4.49229e-34	5.5715499999999995e-31	46.3298	0.010036	2.93089e-31	66.2752	12.0755	0.21969699999999998	1.0709	2.12864e-05	0	1.12088e-33	5.31383e-05	0	2.6641199999999996e-33	2.9755900000000002e-30	6.672600000000001e-33	0.0005	0.0174527	
4680	1.96722	3.08089e-06	1.5381700000000002e-05	688.7389999999999	81.26100000000001	0.42498400000000003	239.984	2469.98	0.0227133	1.34575	70.0161	0.007675700000000001	4613.59	36.4099	0.0424153	0.0176141	6.79995	0.037421499999999996	3.3948099999999994e-32	1.2158799999999998e-30	19.9999	3.0438799999999995e-30	2.34104e-08	3.353180000000001e-08	4.52071e-34	5.61232e-31	45.9231	0.00997292	2.9229299999999995e-31	66.7077	12.1657	0.219804	1.0716	2.14104e-05	0	1.12758e-33	5.34484e-05	0	2.6438199999999998e-33	2.97558e-30	6.593859999999999e-33	0.0005	0.0176141	
4700	1.96722	3.0885500000000003e-06	1.54199e-05	688.2	81.8003	0.431976	239.56400000000002	2469.98	0.0227759	1.32465	70.4361	0.00774762	4613.17	36.8305	0.0428087	0.0177774	6.79995	0.0377785	3.3922e-32	1.2149399999999999e-30	19.9999	3.0415899999999996e-30	2.35114e-08	3.3722300000000005e-08	4.549539999999999e-34	5.6526e-31	45.5183	0.00990984	2.9147899999999997e-31	67.1403	12.2568	0.219908	1.07229	2.15348e-05	0	1.13462e-33	5.37592e-05	0	2.66423e-33	2.97557e-30	6.648739999999999e-33	0.0005	0.0177774	
4720	1.96722	3.0962200000000002e-06	1.54581e-05	687.659	82.3409	0.43911000000000006	239.143	2469.98	0.022838499999999998	1.30378	70.8566	0.00782041	4612.74	37.2551	0.043206699999999994	0.017942700000000002	6.79995	0.0381397	3.3897800000000005e-32	1.2140799999999998e-30	19.9999	3.0393799999999998e-30	2.3612599999999996e-08	3.39132e-08	4.57423e-34	5.69049e-31	45.1153	0.00984673	2.90652e-31	67.5731	12.3489	0.22000799999999998	1.0729600000000001	2.1659499999999998e-05	0	1.14117e-33	5.4070900000000004e-05	0	2.6306499999999998e-33	2.97555e-30	6.54731e-33	0.0005	0.017942700000000002	
4740	1.96722	3.10388e-06	1.5496300000000003e-05	687.117	82.8828	0.44638900000000004	238.722	2469.98	0.0229012	1.28315	71.2776	0.00789408	4612.32	37.6835	0.0436096	0.01811	6.79995	0.0385051	3.3871e-32	1.21311e-30	19.9999	3.0369099999999996e-30	2.3713900000000004e-08	3.41046e-08	4.60202e-34	5.73056e-31	44.7141	0.00978361	2.89811e-31	68.0062	12.4419	0.22010700000000002	1.07361	2.17844e-05	0	1.14819e-33	5.43833e-05	0	2.6522099999999996e-33	2.9755200000000002e-30	6.62472e-33	0.0005	0.01811	
4760	1.96722	3.11156e-06	1.5534500000000002e-05	686.574	83.4261	0.45381400000000005	238.301	2469.98	0.0229638	1.26275	71.6991	0.00796867	4611.88	38.116	0.0440173	0.018279300000000002	6.79995	0.038874900000000004	3.38418e-32	1.21206e-30	19.9999	3.03422e-30	2.38155e-08	3.42965e-08	4.62913e-34	5.76774e-31	44.3147	0.00972046	2.88952e-31	68.4394	12.5359	0.220202	1.0742399999999999	2.1909699999999998e-05	0	1.1550899999999997e-33	5.46964e-05	0	2.6375199999999996e-33	2.9754900000000003e-30	6.59888e-33	0.0005	0.018279300000000002	
4780	1.96722	3.11923e-06	1.55728e-05	686.029	83.9707	0.461391	237.87900000000002	2469.98	0.0230265	1.2425899999999999	72.12100000000001	0.00804418	4611.45	38.5526	0.044430000000000004	0.018450599999999998	6.799939999999999	0.039249099999999995	3.38156e-32	1.2111299999999999e-30	19.9999	3.03194e-30	2.3917200000000003e-08	3.44888e-08	4.6561900000000004e-34	5.81267e-31	43.9172	0.009657299999999999	2.88077e-31	68.8728	12.6309	0.22029400000000002	1.07485	2.2035300000000002e-05	0	1.1618299999999999e-33	5.50104e-05	0	2.6231799999999997e-33	2.97547e-30	6.5452e-33	0.0005	0.018450599999999998	
4800	1.96722	3.12691e-06	1.56111e-05	685.4830000000001	84.5167	0.469121	237.457	2469.98	0.0230892	1.2226700000000001	72.5435	0.00812063	4611.01	38.9932	0.0448478	0.018624099999999998	6.799939999999999	0.0396279	3.37878e-32	1.21014e-30	19.9999	3.02949e-30	2.40192e-08	3.46816e-08	4.68453e-34	5.84945e-31	43.5214	0.00959411	2.8719e-31	69.3064	12.7267	0.22038400000000002	1.07544	2.21612e-05	0	1.1688199999999999e-33	5.53251e-05	0	2.6452199999999996e-33	2.97543e-30	6.62765e-33	0.0005	0.018624099999999998	
4820	1.96722	3.1345999999999996e-06	1.56494e-05	684.936	85.0639	0.477009	237.03400000000002	2469.98	0.0231519	1.20298	72.9663	0.00819805	4610.56	39.438	0.0452709	0.0187998	6.799939999999999	0.0400112	3.3762599999999995e-32	1.2092299999999997e-30	19.9999	3.02728e-30	2.41214e-08	3.48749e-08	4.71094e-34	5.8924799999999995e-31	43.1274	0.0095309	2.8628499999999997e-31	69.7402	12.8236	0.220471	1.07602	2.22874e-05	0	1.1757100000000001e-33	5.5640600000000004e-05	0	2.6564099999999994e-33	2.9754200000000002e-30	6.643e-33	0.0005	0.0187998	
4840	1.96722	3.1422900000000005e-06	1.56877e-05	684.387	85.6125	0.485058	236.61	2469.98	0.0232147	1.18353	73.3897	0.00827646	4610.11	39.887	0.045699199999999995	0.018977599999999997	6.799939999999999	0.0403994	3.3737899999999996e-32	1.20835e-30	19.9999	3.0250799999999996e-30	2.42237e-08	3.50686e-08	4.74042e-34	5.93629e-31	42.7352	0.00946767	2.8537299999999995e-31	70.1741	12.9213	0.220556	1.0765799999999999	2.24139e-05	0	1.18274e-33	5.5956800000000006e-05	0	2.6528099999999996e-33	2.97541e-30	6.61853e-33	0.0005	0.018977599999999997	
4860	1.96722	3.1499799999999998e-06	1.5725999999999998e-05	683.8380000000001	86.1625	0.493271	236.187	2469.98	0.0232774	1.16431	73.8135	0.00835588	4609.66	40.3402	0.046133	0.0191577	6.799939999999999	0.040792400000000006	3.3714299999999997e-32	1.20751e-30	19.9999	3.0229900000000002e-30	2.4326300000000002e-08	3.5262800000000005e-08	4.76851e-34	5.97909e-31	42.3447	0.00940442	2.84448e-31	70.6082	13.0201	0.220638	1.07712	2.2540700000000003e-05	0	1.18977e-33	5.6273900000000003e-05	0	2.6408400000000002e-33	2.9754e-30	6.581789999999999e-33	0.0005	0.0191577	
4880	1.96722	3.1576799999999997e-06	1.57644e-05	683.2860000000001	86.7138	0.5016520000000001	235.762	2469.98	0.023340200000000002	1.14533	74.2377	0.00843633	4609.2	40.7978	0.046572300000000004	0.0193401	6.799939999999999	0.0411903	3.3689699999999994e-32	1.20662e-30	19.9999	3.0207499999999998e-30	2.4429e-08	3.54575e-08	4.79669e-34	6.0218799999999995e-31	41.956	0.00934115	2.8351299999999996e-31	71.0424	13.1197	0.220717	1.07764	2.2667800000000003e-05	0	1.1968199999999998e-33	5.65917e-05	0	2.6310500000000003e-33	2.97537e-30	6.55372e-33	0.0005	0.0193401	
4900	1.96722	3.16538e-06	1.58028e-05	682.7339999999999	87.2664	0.510204	235.338	2469.98	0.023403	1.12658	74.6624	0.00851784	4608.74	41.2597	0.0470174	0.0195249	6.799939999999999	0.04159330000000001	3.3665199999999994e-32	1.2057499999999999e-30	19.9999	3.01857e-30	2.4531999999999998e-08	3.56526e-08	4.82499e-34	6.064779999999999e-31	41.568999999999996	0.00927785	2.82567e-31	71.4768	13.2203	0.22079400000000002	1.07815	2.2795300000000002e-05	0	1.20389e-33	5.6910299999999996e-05	0	2.62035e-33	2.9753199999999996e-30	6.580090000000001e-33	0.0005	0.0195249	
4920	1.96722	3.1730900000000003e-06	1.58412e-05	682.18	87.8203	0.518933	234.912	2469.98	0.0234658	1.10805	75.0876	0.00860042	4608.27	41.7261	0.047468199999999995	0.0197121	6.799939999999999	0.0420015	3.3638599999999995e-32	1.2047899999999999e-30	19.9999	3.0161e-30	2.46352e-08	3.5848199999999995e-08	4.853419999999999e-34	6.107789999999999e-31	41.1837	0.00921453	2.8160799999999995e-31	71.9114	13.3218	0.220869	1.07864	2.2923e-05	0	1.21099e-33	5.72296e-05	0	2.65923e-33	2.97531e-30	6.63559e-33	0.0005	0.0197121	
4940	1.96722	3.1807999999999997e-06	1.58796e-05	681.6239999999999	88.3756	0.527841	234.487	2469.98	0.0235287	1.0897700000000001	75.5132	0.0086841	4607.8	42.1969	0.0479249	0.019901699999999998	6.799939999999999	0.042414999999999994	3.3614499999999997e-32	1.2039299999999998e-30	19.9999	3.0139999999999996e-30	2.47385e-08	3.6044300000000005e-08	4.881969999999999e-34	6.1508799999999995e-31	40.8002	0.00915119	2.8063799999999997e-31	72.3461	13.4243	0.220941	1.07912	2.30511e-05	0	1.2181199999999999e-33	5.7549799999999996e-05	0	2.6017899999999997e-33	2.97528e-30	6.46438e-33	0.0005	0.019901699999999998	
4960	1.96722	3.18852e-06	1.59181e-05	681.068	88.9322	0.536933	234.06099999999998	2469.98	0.0235916	1.07171	75.9392	0.0087689	4607.33	42.6723	0.048387599999999996	0.0200938	6.799939999999999	0.0428339	3.3593199999999995e-32	1.20317e-30	19.9999	3.0121699999999995e-30	2.48421e-08	3.62409e-08	4.910649999999999e-34	6.19407e-31	40.4183	0.00908783	2.79655e-31	72.7809	13.5277	0.22100999999999998	1.0795700000000001	2.3179499999999997e-05	0	1.2252799999999998e-33	5.7870699999999995e-05	0	2.60837e-33	2.9752199999999997e-30	6.49433e-33	0.0005	0.0200938	
4980	1.96722	3.19623e-06	1.5956500000000002e-05	680.51	89.4901	0.546212	233.63400000000001	2469.98	0.023654400000000003	1.05387	76.3657	0.00885485	4606.85	43.1523	0.0488566	0.0202886	6.799939999999999	0.0432583	3.35713e-32	1.2023899999999998e-30	19.9999	3.01028e-30	2.4945900000000002e-08	3.64379e-08	4.93944e-34	6.23737e-31	40.0381	0.00902444	2.7866e-31	73.2159	13.6321	0.22107800000000002	1.08002	2.3308099999999998e-05	0	1.23247e-33	5.8192399999999995e-05	0	2.6157399999999997e-33	2.9751599999999996e-30	6.55139e-33	0.0005	0.0202886	
5000	1.96722	3.2039499999999996e-06	1.5995e-05	679.951	90.0493	0.5556840000000001	233.207	2469.98	0.0237174	1.03627	76.7926	0.00894198	4606.36	43.6369	0.049331900000000005	0.0204859	6.799939999999999	0.0436885	3.3544e-32	1.2013999999999999e-30	19.9999	3.0075999999999997e-30	2.50498e-08	3.6635400000000005e-08	4.96834e-34	6.280759999999999e-31	39.6597	0.00896103	2.77653e-31	73.65100000000001	13.7373	0.22114299999999998	1.08045	2.34371e-05	0	1.23968e-33	5.85148e-05	0	2.6193499999999996e-33	2.9751299999999997e-30	6.516089999999999e-33	0.0005	0.0204859	
5020	1.96722	3.21168e-06	1.6033499999999998e-05	679.39	90.6099	0.565351	232.78	2469.98	0.0237803	1.01889	77.2199	0.0090303	4605.87	44.1263	0.0498136	0.0206859	6.799939999999999	0.0441244	3.3521699999999994e-32	1.2006200000000001e-30	19.9999	3.00596e-30	2.5154e-08	3.68333e-08	4.99735e-34	6.32426e-31	39.2828	0.00889759	2.7663299999999997e-31	74.0862	13.8436	0.221205	1.08086	2.35664e-05	0	1.24693e-33	5.88381e-05	0	2.6381599999999998e-33	2.97509e-30	6.578e-33	0.0005	0.0206859	
5040	1.96722	3.21941e-06	1.6072e-05	678.828	91.1718	0.57522	232.352	2469.98	0.023843299999999998	1.0017399999999999	77.6476	0.00911985	4605.38	44.6204	0.050301900000000004	0.0208886	6.799939999999999	0.0445662	3.3492099999999996e-32	1.19954e-30	19.9999	3.0028799999999998e-30	2.52583e-08	3.7031699999999994e-08	5.02644e-34	6.36786e-31	38.9077	0.00883413	2.7560099999999996e-31	74.5216	13.9507	0.22126500000000002	1.08126	2.3695999999999998e-05	0	1.2542e-33	5.91621e-05	0	2.61815e-33	2.9750499999999997e-30	6.51236e-33	0.0005	0.0208886	
5060	1.96722	3.22714e-06	1.61105e-05	678.265	91.735	0.585294	231.924	2469.98	0.023906200000000002	0.9848100000000001	78.0758	0.00921065	4604.88	45.1194	0.0507969	0.0210942	6.799939999999999	0.045014099999999994	3.34583e-32	1.1983299999999999e-30	19.9999	2.9999499999999998e-30	2.53629e-08	3.7230599999999996e-08	5.05569e-34	6.41028e-31	38.5342	0.00877065	2.74552e-31	74.957	14.0587	0.221323	1.08164	2.3826e-05	0	1.2615e-33	5.9486899999999995e-05	0	2.6466799999999996e-33	2.9750099999999995e-30	6.630729999999999e-33	0.0005	0.0210942	
5080	1.96722	3.23487e-06	1.6149e-05	677.7	92.2995	0.595579	231.49599999999998	2469.98	0.0239692	0.968103	78.5043	0.00930274	4604.38	45.6234	0.0512989	0.021302500000000002	6.799939999999999	0.04546819999999999	3.34309e-32	1.19735e-30	19.9999	2.99748e-30	2.54676e-08	3.7430000000000005e-08	5.0853300000000005e-34	6.45597e-31	38.1624	0.00870714	2.7349399999999997e-31	75.3926	14.1677	0.221379	1.0820100000000001	2.39562e-05	0	1.2688599999999998e-33	5.98125e-05	0	2.7176199999999997e-33	2.9750199999999998e-30	6.87835e-33	0.0005	0.021302500000000002	
5100	1.96722	3.2426099999999995e-06	1.61876e-05	677.135	92.8654	0.606078	231.067	2469.98	0.0240323	0.951616	78.9333	0.00939613	4603.87	46.1323	0.051807799999999994	0.021513900000000002	6.799939999999999	0.045928699999999996	3.3403400000000004e-32	1.19636e-30	19.9999	2.9949999999999998e-30	2.5572599999999998e-08	3.76298e-08	5.11458e-34	6.492529999999999e-31	37.7921	0.00864361	2.7241399999999997e-31	75.8283	14.2776	0.221433	1.08237	2.40867e-05	0	1.2762699999999999e-33	6.01388e-05	0	2.6965900000000003e-33	2.9750799999999996e-30	6.73871e-33	0.0005	0.021513900000000002	
5120	1.96722	3.25035e-06	1.62262e-05	676.567	93.4325	0.616798	230.637	2469.98	0.0240953	0.935348	79.3626	0.00949086	4603.35	46.6463	0.052324	0.0217282	6.799939999999999	0.046395599999999995	3.33783e-32	1.1954700000000001e-30	19.9999	2.9927199999999998e-30	2.56777e-08	3.78301e-08	5.14387e-34	6.53747e-31	37.4236	0.00858006	2.71313e-31	76.2641	14.3884	0.22148400000000001	1.08271	2.4217600000000003e-05	0	1.2834100000000001e-33	6.04659e-05	0	2.6261699999999998e-33	2.9750799999999996e-30	6.55821e-33	0.0005	0.0217282	
5140	1.96722	3.2580900000000003e-06	1.62647e-05	675.9989999999999	94.001	0.627743	230.208	2469.98	0.0241584	0.919298	79.7924	0.00958696	4602.83	47.1654	0.052847500000000006	0.0219455	6.799939999999999	0.04686919999999999	3.33478e-32	1.1943799999999997e-30	19.9999	2.9901499999999997e-30	2.5783e-08	3.80309e-08	5.17341e-34	6.585819999999999e-31	37.0566	0.00851648	2.70208e-31	76.7	14.5002	0.22153299999999998	1.08304	2.43488e-05	0	1.2906800000000002e-33	6.07938e-05	0	2.6618299999999998e-33	2.97507e-30	6.61231e-33	0.0005	0.0219455	
5160	1.96722	3.2658299999999997e-06	1.63033e-05	675.429	94.5708	0.638918	229.77700000000002	2469.98	0.0242215	0.9034639999999999	80.2226	0.00968446	4602.31	47.6898	0.05337859999999999	0.022165999999999998	6.799939999999999	0.0473496	3.33178e-32	1.19331e-30	19.9999	2.9875799999999996e-30	2.5888499999999997e-08	3.82321e-08	5.20314e-34	6.646259999999999e-31	36.6913	0.00845288	2.6910999999999996e-31	77.1359	14.6128	0.22158000000000003	1.08335	2.44802e-05	0	1.2984999999999999e-33	6.11225e-05	0	2.7519899999999996e-33	2.97507e-30	6.9442e-33	0.0005	0.022165999999999998	
5180	1.96722	3.2735700000000003e-06	1.63419e-05	674.8580000000001	95.1419	0.650329	229.347	2469.98	0.024284599999999996	0.8878440000000001	80.6531	0.00978339	4601.78	48.2194	0.0539173	0.0223896	6.799939999999999	0.0478369	3.33008e-32	1.1927099999999999e-30	19.9999	2.9861799999999998e-30	2.59943e-08	3.84338e-08	5.233959999999999e-34	6.69008e-31	36.3275	0.00838926	2.68018e-31	77.572	14.7263	0.221624	1.08365	2.4611999999999997e-05	0	1.3059899999999999e-33	6.1452e-05	0	2.6802800000000004e-33	2.9751299999999997e-30	6.710149999999998e-33	0.0005	0.0223896	
5200	1.96722	3.2813199999999995e-06	1.63805e-05	674.2860000000001	95.7143	0.661982	228.916	2469.98	0.0243477	0.8724370000000001	81.084	0.00988378	4601.25	48.7544	0.0544639	0.0226166	6.799939999999999	0.048331400000000004	3.32734e-32	1.19171e-30	19.9999	2.98332e-30	2.61002e-08	3.8635999999999996e-08	5.26451e-34	6.745829999999999e-31	35.9654	0.00832561	2.66921e-31	78.0082	14.8408	0.221667	1.08394	2.47441e-05	0	1.3135099999999998e-33	6.17822e-05	0	2.6230199999999997e-33	2.9751299999999997e-30	6.531640000000001e-33	0.0005	0.0226166	
5220	1.96722	3.28907e-06	1.64191e-05	673.712	96.2881	0.673882	228.485	2469.98	0.0244109	0.85724	81.5153	0.00998567	4600.71	49.2948	0.0550185	0.0228468	6.799939999999999	0.0488331	3.324169999999999e-32	1.1905799999999998e-30	19.9999	2.98063e-30	2.62063e-08	3.88386e-08	5.29337e-34	6.792489999999999e-31	35.6048	0.00826194	2.6581299999999996e-31	78.4444	14.9561	0.22170700000000002	1.0842100000000001	2.48765e-05	0	1.3212299999999998e-33	6.21133e-05	0	2.6533499999999998e-33	2.9751e-30	6.646479999999999e-33	0.0005	0.0228468	
5240	1.96722	3.2968199999999996e-06	1.64577e-05	673.137	96.8631	0.6860350000000001	228.053	2469.98	0.0244741	0.842252	81.947	0.0100891	4600.16	49.8407	0.055581399999999996	0.0230805	6.799939999999999	0.0493423	3.32174e-32	1.18971e-30	19.9999	2.97851e-30	2.6312599999999997e-08	3.90418e-08	5.32826e-34	6.830979999999999e-31	35.2459	0.00819825	2.64687e-31	78.8807	15.0723	0.22174499999999997	1.08447	2.5009299999999998e-05	0	1.3290499999999998e-33	6.24451e-05	0	2.6564099999999994e-33	2.97507e-30	6.694e-33	0.0005	0.0230805	
5260	1.96722	3.30457e-06	1.64963e-05	672.561	97.4395	0.698447	227.62099999999998	2469.98	0.024537299999999998	0.827472	82.3791	0.010194100000000001	4599.61	50.3923	0.0561526	0.023317700000000004	6.799939999999999	0.049859	3.3187699999999995e-32	1.18863e-30	19.9999	2.97548e-30	2.6419e-08	3.92453e-08	5.3597499999999995e-34	6.87753e-31	34.8885	0.00813453	2.6352699999999996e-31	79.3171	15.1894	0.22178	1.0847200000000001	2.51423e-05	0	1.33699e-33	6.277770000000001e-05	0	2.6507199999999997e-33	2.9750799999999996e-30	6.625029999999999e-33	0.0005	0.023317700000000004	
5280	1.96722	3.3123199999999997e-06	1.65349e-05	671.9830000000001	98.0172	0.711125	227.188	2469.98	0.0246005	0.812897	82.8115	0.010300700000000001	4599.05	50.9495	0.05673240000000001	0.0235584	6.799939999999999	0.0503836	3.31598e-32	1.1876399999999999e-30	19.9999	2.9732099999999997e-30	2.65257e-08	3.9449400000000006e-08	5.386869999999999e-34	6.9131e-31	34.5327	0.0080708	2.62363e-31	79.7535	15.3074	0.22181399999999998	1.0849600000000001	2.5275700000000003e-05	0	1.34449e-33	6.3111e-05	0	2.6649299999999996e-33	2.9750799999999996e-30	6.639520000000001e-33	0.0005	0.0235584	
5300	1.96722	3.3200699999999994e-06	1.65735e-05	671.404	98.5961	0.724074	226.75599999999997	2469.98	0.0246637	0.7985260000000001	83.2443	0.0104089	4598.49	51.5125	0.057321000000000004	0.023802700000000003	6.799939999999999	0.050916199999999995	3.31354e-32	1.18677e-30	19.9999	2.971e-30	2.6632599999999996e-08	3.96539e-08	5.41687e-34	6.951139999999999e-31	34.1785	0.00800704	2.61145e-31	80.19	15.4263	0.221845	1.08518	2.5409299999999997e-05	0	1.35194e-33	6.34452e-05	0	2.62971e-33	2.9750499999999997e-30	6.530239999999999e-33	0.0005	0.023802700000000003	
5320	1.96722	3.32782e-06	1.66121e-05	670.824	99.1764	0.737302	226.32299999999998	2469.98	0.024727000000000002	0.784356	83.6774	0.010518799999999998	4597.92	52.0813	0.057918700000000004	0.024050799999999997	6.799939999999999	0.05145689999999999	3.31101e-32	1.1858699999999999e-30	19.9999	2.9688299999999997e-30	2.6739599999999998e-08	3.98589e-08	5.446619999999999e-34	6.99098e-31	33.8258	0.00794326	2.5991499999999996e-31	80.6266	15.546	0.221874	1.0853899999999999	2.55433e-05	0	1.3593599999999999e-33	6.37801e-05	0	2.6275799999999997e-33	2.975e-30	6.57524e-33	0.0005	0.024050799999999997	
5340	1.96722	3.3355699999999995e-06	1.66507e-05	670.242	99.758	0.750816	225.889	2469.98	0.024790299999999998	0.770387	84.1109	0.0106304	4597.34	52.6561	0.0585255	0.0243028	6.799939999999999	0.052006	3.30833e-32	1.1849e-30	19.9999	2.9662099999999998e-30	2.6846799999999998e-08	4.00644e-08	5.47909e-34	7.04053e-31	33.4747	0.00787947	2.5867099999999997e-31	81.0632	15.6666	0.22190100000000001	1.08558	2.5677600000000003e-05	0	1.3665999999999999e-33	6.41158e-05	0	2.6150899999999997e-33	2.97497e-30	6.484979999999998e-33	0.0005	0.0243028	
5360	1.96722	3.3433099999999997e-06	1.66893e-05	669.659	100.34100000000001	0.764621	225.455	2469.98	0.024853599999999997	0.7566149999999999	84.5448	0.010743700000000002	4596.76	53.236999999999995	0.05914169999999999	0.0245586	6.799939999999999	0.052563599999999995	3.3043e-32	1.1834299999999998e-30	19.9999	2.9622500000000002e-30	2.69542e-08	4.02703e-08	5.504349999999999e-34	7.125449999999999e-31	33.1251	0.00781565	2.57465e-31	81.4999	15.7881	0.221926	1.08576	2.5812199999999997e-05	0	1.3733900000000002e-33	6.445229999999999e-05	0	2.6711599999999996e-33	2.97494e-30	6.702379999999999e-33	0.0005	0.0245586	
5380	1.96722	3.35106e-06	1.67279e-05	669.075	100.925	0.778726	225.021	2469.97	0.024916900000000002	0.743039	84.979	0.0108589	4596.18	53.824	0.059767499999999994	0.0248184	6.799939999999999	0.05313	3.3022999999999995e-32	1.18274e-30	19.9999	2.9608299999999995e-30	2.7061799999999997e-08	4.04767e-08	5.543049999999999e-34	7.131149999999999e-31	32.7771	0.00775181	2.5624099999999996e-31	81.9366	15.9104	0.221948	1.0859299999999998	2.59471e-05	0	1.38292e-33	6.47895e-05	0	2.6644299999999995e-33	2.9749499999999998e-30	6.66548e-33	0.0005	0.0248184	
5400	1.96722	3.3588099999999998e-06	1.67665e-05	668.4889999999999	101.51100000000001	0.793138	224.58599999999998	2469.97	0.0249802	0.729658	85.4135	0.0109759	4595.58	54.4172	0.06040319999999999	0.0250823	6.799930000000001	0.0537053	3.29979e-32	1.1818299999999998e-30	19.9999	2.95845e-30	2.71696e-08	4.06836e-08	5.57582e-34	7.187029999999999e-31	32.4307	0.00768796	2.5494099999999996e-31	82.3734	16.0336	0.22196799999999997	1.08609	2.60823e-05	0	1.3909899999999999e-33	6.51276e-05	0	2.6174499999999998e-33	2.97492e-30	6.52701e-33	0.0005	0.0250823	
5420	1.96722	3.3665499999999996e-06	1.6805e-05	667.903	102.09700000000001	0.807864	224.15200000000002	2469.97	0.0250436	0.716468	85.8484	0.0110948	4594.98	55.0167	0.0610489	0.025350400000000002	6.799930000000001	0.0542899	3.29545e-32	1.18031e-30	19.9999	2.95509e-30	2.72776e-08	4.0890900000000007e-08	5.836789999999999e-34	1.1714899999999999e-30	32.0858	0.00762409	2.5762899999999996e-31	82.8102	16.1576	0.22198600000000002	1.0862399999999999	2.62178e-05	0	1.4271e-33	6.54664e-05	0	-2.05534e-33	2.97324e-30	-7.322289999999999e-33	0.0005	0.025350400000000002	
5440	1.96722	3.37429e-06	1.68436e-05	667.315	102.685	0.8229129999999999	223.71599999999998	2469.97	0.025107	0.703469	86.2836	0.011215600000000001	4594.38	55.6227	0.061704999999999996	0.0256227	6.799930000000001	0.05488380000000001	3.2947800000000003e-32	1.17992e-30	19.9999	2.9522099999999998e-30	2.73857e-08	4.10987e-08	6.003749999999999e-34	1.12987e-30	31.7424	0.0075602	2.63556e-31	83.24700000000001	16.2824	0.22200100000000003	1.08637	2.63536e-05	0	1.47773e-33	6.5806e-05	0	-8.033430000000001e-34	2.96999e-30	-3.4655799999999996e-33	0.0005	0.0256227	
5460	1.96722	3.3820300000000004e-06	1.68821e-05	666.725	103.275	0.838292	223.28099999999998	2469.97	0.0251703	0.690658	86.7191	0.011338299999999999	4593.76	56.2352	0.0623716	0.025899400000000003	6.799930000000001	0.0554873	3.2695599999999996e-32	1.1707299999999999e-30	19.9999	2.9298099999999998e-30	2.7494e-08	4.1307e-08	6.561599999999999e-34	1.85544e-30	31.4005	0.00749629	2.75223e-31	83.6839	16.4081	0.222014	1.08649	2.6489800000000002e-05	0	1.5683699999999995e-33	6.61464e-05	0	-2.78809e-32	2.9566e-30	-7.79225e-32	0.0005	0.025899400000000003	
5480	1.96722	3.3897699999999997e-06	1.69206e-05	666.1339999999999	103.866	0.85401	222.845	2469.97	0.0252337	0.678033	87.155	0.0114631	4593.15	56.8544	0.06304900000000001	0.0261807	6.799930000000001	0.056100699999999996	3.21428e-32	1.1510799999999998e-30	19.9999	2.87635e-30	2.7602500000000002e-08	4.1515699999999996e-08	7.024889999999999e-34	1.82502e-30	31.0602	0.00743237	2.93961e-31	84.1208	16.5346	0.222025	1.08659	2.66262e-05	0	1.6989e-33	6.64875e-05	0	-1.6767499999999998e-32	2.93084e-30	-4.19758e-32	0.0005	0.0261807	
5500	1.96722	3.3975e-06	1.69591e-05	665.5419999999999	104.458	0.870075	222.40900000000002	2469.97	0.025297099999999996	0.665593	87.5912	0.011590000000000001	4592.52	57.4803	0.0637375	0.0264665	6.799930000000001	0.056724199999999995	3.54664e-32	1.2700599999999999e-30	19.9999	3.18536e-30	2.7711099999999998e-08	4.17249e-08	8.098510000000001e-34	2.8998799999999997e-30	30.7214	0.00736844	3.22723e-31	84.5577	16.6619	0.222034	1.08669	2.6763e-05	0	1.9024000000000002e-33	6.68294e-05	0	-2.1207699999999997e-33	2.9263099999999997e-30	-4.06158e-33	0.0005	0.0264665	
5520	1.96722	3.4052300000000004e-06	1.69976e-05	664.949	105.051	0.886497	221.972	2469.97	0.0253606	0.653335	88.0276	0.011718899999999999	4591.89	58.113	0.0644373	0.026757	6.799930000000001	0.0573581	3.55501e-32	1.2751e-30	19.9999	3.20635e-30	2.782e-08	4.19346e-08	9.16875e-34	3.23413e-30	30.3841	0.00730449	3.61275e-31	84.9946	16.79	0.22204000000000002	1.08677	2.6900100000000004e-05	0	2.15934e-33	6.717210000000001e-05	0	-1.00484e-32	2.91982e-30	-1.91412e-32	0.0005	0.026757	
5540	1.96722	3.41295e-06	1.7036099999999998e-05	664.355	105.645	0.903284	221.53599999999997	2469.97	0.025424000000000002	0.641257	88.4644	0.0118501	4591.25	58.7527	0.0651486	0.027052299999999998	6.799930000000001	0.0580025	3.56454e-32	1.2765899999999998e-30	19.9999	3.20615e-30	2.7928999999999998e-08	4.2144699999999995e-08	1.00761e-33	3.17591e-30	30.0484	0.00724053	3.99923e-31	85.4315	16.9189	0.222043	1.08683	2.70375e-05	0	2.40853e-33	6.751560000000001e-05	0	-5.3151899999999994e-33	2.9105599999999996e-30	-1.34526e-32	0.0005	0.027052299999999998	
5560	1.96722	3.4206699999999993e-06	1.70745e-05	663.7589999999999	106.241	0.9204459999999999	221.09799999999998	2469.97	0.025487400000000004	0.6293569999999999	88.9015	0.0119834	4590.6	59.3995	0.0658719	0.0273525	6.799930000000001	0.058657799999999996	3.5563699999999994e-32	1.27477e-30	19.9999	3.1946299999999996e-30	2.8038099999999998e-08	4.235530000000001e-08	1.1440799999999999e-33	3.934e-30	29.7141	0.00717657	4.43214e-31	85.8685	17.0486	0.22204400000000002	1.08689	2.71752e-05	0	2.7039400000000002e-33	6.78599e-05	0	-9.13589e-33	2.90162e-30	-2.45928e-32	0.0005	0.0273525	
5580	1.96722	3.42839e-06	1.71129e-05	663.1619999999999	106.838	0.937992	220.66099999999997	2469.97	0.0255509	0.617634	89.3389	0.012119	4589.95	60.0536	0.0666072	0.027657799999999996	6.799930000000001	0.059324199999999994	3.52633e-32	1.26135e-30	19.9999	3.1314999999999997e-30	2.81475e-08	4.25664e-08	1.2618599999999999e-33	3.99915e-30	29.3814	0.00711259	4.8847e-31	86.3054	17.1791	0.222043	1.08693	2.73132e-05	0	3.00555e-33	6.82049e-05	0	-4.73937e-33	2.8919099999999997e-30	-1.63036e-32	0.0005	0.027657799999999996	
5600	1.96722	3.43609e-06	1.71512e-05	662.563	107.43700000000001	0.955933	220.22299999999998	2469.97	0.025614299999999996	0.606085	89.7766	0.012256999999999999	4589.29	60.7149	0.067355	0.027968200000000002	6.799930000000001	0.060001900000000004	3.3756599999999996e-32	1.2078299999999998e-30	19.9999	3.0183999999999994e-30	2.8256900000000004e-08	4.27779e-08	1.4192399999999999e-33	4.684319999999999e-30	29.0502	0.0070486	5.40161e-31	86.7423	17.3103	0.222039	1.08695	2.74515e-05	0	3.36484e-33	6.85507e-05	0	-8.158499999999999e-33	2.88352e-30	-2.4679399999999996e-32	0.0005	0.027968200000000002	
5620	1.96722	3.44379e-06	1.71896e-05	661.9630000000001	108.037	0.9742790000000001	219.785	2469.97	0.0256778	0.594708	90.2146	0.0123973	4588.62	61.3837	0.06811560000000001	0.0282839	6.799930000000001	0.0606914	3.2939800000000003e-32	1.1795200000000001e-30	19.9999	2.94856e-30	2.8366599999999997e-08	4.29899e-08	1.55955e-33	4.66811e-30	28.7205	0.00698461	5.9391699999999995e-31	87.1792	17.4423	0.222032	1.08697	2.7590100000000002e-05	0	3.73511e-33	6.88973e-05	0	-5.1603799999999995e-33	2.8738699999999997e-30	-1.53431e-32	0.0005	0.0282839	
5640	1.96722	3.45149e-06	1.72278e-05	661.362	108.63799999999999	0.9930399999999999	219.347	2469.97	0.0257413	0.5835020000000001	90.6529	0.01254	4587.94	62.0601	0.0688892	0.028605099999999998	6.799930000000001	0.0613928	3.18228e-32	1.13736e-30	19.9999	2.8033299999999996e-30	2.84764e-08	4.32023e-08	1.70913e-33	4.9869999999999994e-30	28.3924	0.00692061	6.46723e-31	87.6161	17.5751	0.222023	1.08696	2.77291e-05	0	4.10931e-33	6.92447e-05	0	-8.59488e-33	2.8639599999999994e-30	-2.44837e-32	0.0005	0.028605099999999998	
5660	1.96722	3.45917e-06	1.72661e-05	660.76	109.24	1.01223	218.90900000000002	2469.97	0.025804700000000003	0.5724640000000001	91.0914	0.0126853	4587.26	62.7442	0.0696762	0.0289317	6.799930000000001	0.0621064	3.11077e-32	1.1136799999999999e-30	19.9999	2.78175e-30	2.8586400000000004e-08	4.34152e-08	1.89376e-33	5.8413599999999994e-30	28.0657	0.00685661	7.0224999999999995e-31	88.053	17.7086	0.22201100000000001	1.08695	2.78683e-05	0	4.51393e-33	6.95928e-05	0	-2.77419e-32	2.84762e-30	-7.83006e-32	0.0005	0.0289317	
5680	1.96722	3.46685e-06	1.73043e-05	660.1569999999999	109.84299999999999	1.03185	218.47	2469.97	0.0258682	0.561593	91.5303	0.012833100000000002	4586.56	63.4361	0.0704768	0.029264099999999998	6.799930000000001	0.0628326	3.1019900000000003e-32	1.11086e-30	19.9999	2.77874e-30	2.86965e-08	4.36286e-08	2.04622e-33	5.733859999999999e-30	27.7406	0.00679261	7.586289999999999e-31	88.4899	17.8428	0.22199699999999997	1.08692	2.80079e-05	0	4.9229199999999996e-33	6.99417e-05	0	-2.01269e-32	2.82307e-30	-5.60179e-32	0.0005	0.029264099999999998	
5700	1.96722	3.47451e-06	1.73424e-05	659.552	110.448	1.05193	218.03099999999998	2469.97	0.025931700000000002	0.550886	91.9694	0.012983600000000001	4585.86	64.1361	0.0712915	0.029602299999999998	6.799930000000001	0.0635716	3.09735e-32	1.1093e-30	19.9999	2.7764399999999998e-30	2.88068e-08	4.38424e-08	2.1887499999999998e-33	5.6645299999999994e-30	27.416999999999998	0.0067286	8.08875e-31	88.9267	17.9778	0.221979	1.0868799999999998	2.8147800000000002e-05	0	5.29705e-33	7.029140000000001e-05	0	-1.42281e-32	2.8038599999999995e-30	-4.0908699999999997e-32	0.0005	0.029602299999999998	
5720	1.96722	3.48217e-06	1.73805e-05	658.946	111.054	1.07246	217.59099999999998	2469.97	0.025995099999999997	0.540341	92.4087	0.013136700000000001	4585.16	64.8441	0.0721206	0.0299464	6.799930000000001	0.0643239	3.09484e-32	1.1084299999999997e-30	19.9999	2.7747500000000002e-30	2.8917200000000004e-08	4.40567e-08	2.32006e-33	5.62057e-30	27.0949	0.0066646	8.531299999999998e-31	89.3635	18.1135	0.22195900000000002	1.0868200000000001	2.82879e-05	0	5.64072e-33	7.06418e-05	0	-1.0242899999999999e-32	2.7891399999999997e-30	-3.01635e-32	0.0005	0.0299464	
5740	1.96722	3.48981e-06	1.74185e-05	658.3380000000001	111.662	1.09348	217.15200000000002	2469.97	0.0260586	0.529958	92.8484	0.013292600000000002	4584.44	65.5604	0.07296439999999998	0.0302967	6.799930000000001	0.0650896	3.0921e-32	1.10745e-30	19.9999	2.77235e-30	2.90278e-08	4.427140000000001e-08	2.44071e-33	5.58201e-30	26.7743	0.0066006	8.91948e-31	89.8002	18.2498	0.22193600000000002	1.08675	2.84284e-05	0	5.95606e-33	7.0993e-05	0	-7.22387e-33	2.7778199999999997e-30	-2.17098e-32	0.0005	0.0302967	
5760	1.96722	3.49745e-06	1.74565e-05	657.73	112.27	1.11497	216.71200000000002	2469.97	0.026122000000000003	0.519733	93.2882	0.0134514	4583.71	66.2851	0.07382330000000001	0.0306532	6.799930000000001	0.06586929999999999	3.08869e-32	1.10621e-30	19.9999	2.7688899999999998e-30	2.91385e-08	4.4486600000000005e-08	2.55164e-33	5.551e-30	26.4553	0.00653661	9.25806e-31	90.2369	18.3869	0.22191100000000002	1.08666	2.85692e-05	0	6.245709999999999e-33	7.1345e-05	0	-4.97981e-33	2.76915e-30	-1.53349e-32	0.0005	0.0306532	
5780	1.96722	3.5050699999999993e-06	1.74944e-05	657.12	112.88	1.13697	216.27200000000002	2469.97	0.0261855	0.5096649999999999	93.7284	0.013613	4582.98	67.0184	0.07469760000000002	0.0310161	6.799930000000001	0.0666631	3.0855099999999995e-32	1.10509e-30	19.9999	2.76642e-30	2.92493e-08	4.47023e-08	2.65423e-33	5.5235699999999994e-30	26.1377	0.00647263	9.5514e-31	90.6735	18.5246	0.22188200000000002	1.08656	2.8710300000000002e-05	0	6.513449999999999e-33	7.16978e-05	0	-3.27071e-33	2.7624599999999997e-30	-1.0344899999999999e-32	0.0005	0.0310161	
5800	1.96722	3.51268e-06	1.75323e-05	656.5089999999999	113.491	1.1594799999999998	215.831	2469.97	0.026248900000000002	0.49975200000000003	94.1688	0.013777600000000001	4582.24	67.7604	0.07558780000000001	0.0313857	6.799930000000001	0.0674715	3.0828599999999993e-32	1.10415e-30	19.9999	2.7641399999999997e-30	2.9360300000000003e-08	4.49184e-08	2.74805e-33	5.5035300000000004e-30	25.8217	0.00640866	9.804e-31	91.1101	18.663	0.22185	1.08644	2.88517e-05	0	6.75944e-33	7.20513e-05	0	-1.92307e-33	2.75734e-30	-6.46032e-33	0.0005	0.0313857	
5820	1.96722	3.52027e-06	1.757e-05	655.8960000000001	114.104	1.18252	215.391	2469.97	0.0263123	0.489992	94.6094	0.0139453	4581.49	68.5113	0.0764943	0.0317619	6.799930000000001	0.06829489999999999	3.08007e-32	1.1031499999999999e-30	19.9999	2.76162e-30	2.94714e-08	4.5134999999999994e-08	2.8353399999999998e-33	5.4849499999999995e-30	25.5073	0.0063447	1.0019299999999999e-30	91.5466	18.802	0.221815	1.0863	2.8993400000000003e-05	0	6.98679e-33	7.24055e-05	0	-9.225499999999998e-34	2.7534199999999996e-30	-3.61158e-33	0.0005	0.0317619	
5840	1.96722	3.5278500000000005e-06	1.76077e-05	655.2819999999999	114.71799999999999	1.2061	214.95	2469.97	0.026375700000000002	0.480383	95.0503	0.0141161	4580.73	69.2712	0.0774174	0.032145099999999996	6.799930000000001	0.0691336	3.07817e-32	1.1024700000000001e-30	19.9999	2.75995e-30	2.95827e-08	4.5351999999999995e-08	2.9148699999999997e-33	5.469569999999999e-30	25.1943	0.00628075	1.02008e-30	91.9831	18.9417	0.221777	1.08615	2.91354e-05	0	7.19447e-33	7.27606e-05	0	-1.0055899999999999e-34	2.75041e-30	-1.25749e-33	0.0005	0.032145099999999996	
5860	1.96722	3.53541e-06	1.76453e-05	654.6669999999999	115.333	1.23023	214.50900000000001	2469.97	0.026439099999999997	0.47092399999999995	95.4914	0.014290100000000002	4579.96	70.0404	0.0783577	0.032535400000000006	6.799930000000001	0.069988	3.07599e-32	1.1016899999999999e-30	19.9999	2.75802e-30	2.9693999999999998e-08	4.5569499999999997e-08	2.9883500000000002e-33	5.4573e-30	24.8829	0.00621682	1.03515e-30	92.4194	19.0819	0.22173600000000002	1.08599	2.92777e-05	0	7.386199999999999e-33	7.31164e-05	0	5.22691e-34	2.74812e-30	5.7165e-34	0.0005	0.032535400000000006	
5880	1.96722	3.54296e-06	1.76828e-05	654.0509999999999	115.949	1.25494	214.067	2469.97	0.0265025	0.46161199999999997	95.9327	0.0144673	4579.18	70.8189	0.0793154	0.0329329	6.799930000000001	0.0708585	3.07343e-32	1.10077e-30	19.9999	2.75569e-30	2.98055e-08	4.57874e-08	3.05597e-33	5.44784e-30	24.573	0.00615292	1.04742e-30	92.8557	19.2228	0.221691	1.0858	2.9420300000000004e-05	0	7.56275e-33	7.34729e-05	0	1.0008899999999999e-33	2.7464e-30	2.00208e-33	0.0005	0.0329329	
5900	1.96722	3.55048e-06	1.77202e-05	653.434	116.566	1.28024	213.62599999999998	2469.97	0.0265658	0.452446	96.3742	0.014648	4578.39	71.6069	0.0802911	0.033337900000000004	6.799930000000001	0.0717456	3.0710799999999996e-32	1.0999299999999999e-30	19.9999	2.7535599999999997e-30	2.99171e-08	4.600569999999999e-08	3.11823e-33	5.4409400000000005e-30	24.2647	0.00608904	1.05716e-30	93.2919	19.3643	0.22164299999999998	1.0856	2.9563200000000002e-05	0	7.72526e-33	7.38302e-05	0	1.34972e-33	2.74509e-30	2.9733399999999997e-33	0.0005	0.033337900000000004	
5920	1.96722	3.5579900000000002e-06	1.77575e-05	652.815	117.185	1.30615	213.18400000000003	2469.97	0.0266291	0.44342299999999996	96.816	0.014832099999999999	4577.6	72.4047	0.0812852	0.0337506	6.799930000000001	0.07264960000000001	3.06842e-32	1.0989599999999999e-30	19.9999	2.75091e-30	3.0028900000000005e-08	4.62245e-08	3.17573e-33	5.4376099999999996e-30	23.9579	0.00602518	1.06459e-30	93.728	19.5064	0.221592	1.08538	2.9706399999999997e-05	0	7.874979999999999e-33	7.41883e-05	0	1.6159799999999997e-33	2.7441e-30	3.69866e-33	0.0005	0.0337506	
5940	1.96722	3.56548e-06	1.77947e-05	652.195	117.805	1.33267	212.74200000000002	2469.97	0.026692400000000005	0.434543	97.258	0.015019799999999998	4576.79	73.2125	0.0822982	0.034171	6.799930000000001	0.0735711	3.06524e-32	1.0978299999999999e-30	19.9999	2.7483099999999996e-30	3.01407e-08	4.64438e-08	3.22892e-33	5.43775e-30	23.6527	0.00596135	1.0699799999999999e-30	94.164	19.649	0.22153699999999998	1.08515	2.9849899999999997e-05	0	8.01347e-33	7.45471e-05	0	1.82536e-33	2.74334e-30	4.31828e-33	0.0005	0.034171	
5960	1.96722	3.5729500000000002e-06	1.78318e-05	651.5740000000001	118.426	1.35984	212.3	2469.97	0.0267557	0.425804	97.7002	0.015211099999999998	4575.97	74.0303	0.0833306	0.0345995	6.799930000000001	0.07451039999999999	3.06267e-32	1.09691e-30	19.9999	2.7459199999999998e-30	3.02526e-08	4.6663500000000006e-08	3.27789e-33	5.4349599999999995e-30	23.3491	0.00589756	1.07351e-30	94.5998	19.7922	0.221479	1.0849	2.99937e-05	0	8.141859999999999e-33	7.49067e-05	0	1.97094e-33	2.74278e-30	4.7827e-33	0.0005	0.0345995	
5980	1.96722	3.5803899999999998e-06	1.78688e-05	650.951	119.04899999999999	1.3876600000000001	211.857	2469.97	0.026818900000000003	0.417203	98.1426	0.0154061	4575.14	74.8584	0.0843828	0.035036300000000006	6.799919999999999	0.075468	3.0504899999999997e-32	1.0929e-30	19.9999	2.74654e-30	3.03646e-08	4.6883599999999996e-08	3.32637e-33	5.4393299999999995e-30	23.046999999999997	0.0058338	1.07576e-30	95.0356	19.9358	0.221417	1.0846200000000001	3.0137899999999998e-05	0	8.2642e-33	7.5267e-05	0	2.2404899999999995e-33	2.74242e-30	4.77678e-33	0.0005	0.035036300000000006	
6000	1.96722	3.58781e-06	1.79056e-05	650.327	119.67299999999999	1.41616	211.415	2469.97	0.026882	0.40873899999999996	98.5851	0.015605	4574.3	75.6971	0.08545549999999999	0.0354815	6.799919999999999	0.0764445	3.0581900000000003e-32	1.0952699999999999e-30	19.9999	2.73989e-30	3.04768e-08	4.71042e-08	3.36897e-33	5.44246e-30	22.7465	0.00577008	1.07736e-30	95.4712	20.08	0.22135100000000002	1.08433	3.02823e-05	0	8.383719999999999e-33	7.562810000000001e-05	0	1.83962e-33	2.74077e-30	6.74564e-33	0.0005	0.0354815	
6020	1.96722	3.5952e-06	1.79423e-05	649.702	120.29799999999999	1.44536	210.972	2469.97	0.0269452	0.40041	99.0279	0.0158078	4573.45	76.5464	0.086549	0.035935400000000006	6.799919999999999	0.07744019999999999	3.05474e-32	1.09404e-30	19.9999	2.7383499999999995e-30	3.0589e-08	4.73252e-08	3.4065e-33	5.446799999999999e-30	22.4476	0.00570641	1.07619e-30	95.9067	20.2247	0.221281	1.08402	3.0427e-05	0	8.47886e-33	7.59899e-05	0	2.4178e-33	2.74077e-30	6.25505e-33	0.0005	0.035935400000000006	
6040	1.96722	3.6025699999999996e-06	1.79789e-05	649.076	120.92399999999999	1.47527	210.52900000000002	2469.97	0.0270082	0.39221500000000004	99.4709	0.016014700000000003	4572.59	77.4067	0.08766399999999999	0.0363982	6.799919999999999	0.0784558	3.0517199999999996e-32	1.09297e-30	19.9999	2.73595e-30	3.07013e-08	4.7546599999999994e-08	3.44125e-33	5.4498400000000004e-30	22.1502	0.00564279	1.0737899999999999e-30	96.3421	20.3698	0.221208	1.08369	3.0572e-05	0	8.56902e-33	7.63524e-05	0	2.4603599999999998e-33	2.7407999999999998e-30	6.26996e-33	0.0005	0.0363982	
6060	1.96722	3.6099e-06	1.80153e-05	648.4490000000001	121.551	1.50591	210.08599999999998	2469.97	0.0270712	0.384152	99.914	0.0162257	4571.72	78.278	0.08880089999999999	0.036870099999999996	6.799919999999999	0.07949160000000001	2.83054e-32	9.968479999999999e-31	19.9999	2.1107299999999995e-30	3.08136e-08	4.7768499999999995e-08	3.3963999999999995e-33	3.946069999999999e-30	21.8545	0.00557921	1.06651e-30	96.7773	20.5154	0.22113000000000002	1.08334	3.07173e-05	0	8.612860000000001e-33	7.67157e-05	0	1.8732400000000001e-32	2.7425e-30	1.1854699999999999e-31	0.0005	0.036870099999999996	
6080	1.96722	3.61721e-06	1.80515e-05	647.82	122.18	1.53732	209.643	2469.97	0.027134199999999997	0.376219	100.35700000000001	0.0164409	4570.84	79.1608	0.0899604	0.0373514	6.799919999999999	0.0805483	2.0498599999999996e-32	7.45117e-31	19.9999	1.9880999999999998e-30	3.0926099999999994e-08	4.79908e-08	3.21162e-33	3.2108999999999996e-30	21.5604	0.005515699999999999	1.0062299999999998e-30	97.2123	20.6615	0.22104899999999997	1.08297	3.08629e-05	0	8.13475e-33	7.70797e-05	0	4.051909999999999e-32	2.7924799999999998e-30	1.1500899999999999e-31	0.0005	0.0373514	
6100	1.96722	3.62449e-06	1.80876e-05	647.19	122.81	1.5695	209.199	2469.97	0.027197100000000002	0.368415	100.801	0.016660499999999998	4569.94	80.0551	0.0911431	0.0378422	6.799919999999999	0.0816265	1.96172e-32	7.12454e-31	19.9999	1.9159499999999998e-30	3.10386e-08	4.82135e-08	3.08827e-33	3.04843e-30	21.2679	0.00545224	9.59117e-31	97.6472	20.8079	0.22096300000000002	1.0825799999999999	3.10087e-05	0	7.87165e-33	7.74444e-05	0	4.1966099999999997e-32	2.8342599999999998e-30	8.971019999999999e-32	0.0005	0.0378422	
6120	1.96722	3.63173e-06	1.81236e-05	646.559	123.441	1.60249	208.75599999999997	2469.97	0.0272599	0.360738	101.244	0.016884599999999996	4569.04	80.9612	0.0923495	0.038343	6.799919999999999	0.08272660000000001	2.0922699999999998e-32	7.516219999999999e-31	19.9999	1.9068e-30	3.11511e-08	4.84366e-08	3.0164299999999997e-33	3.16343e-30	20.9771	0.00538885	9.16965e-31	98.0819	20.9547	0.220873	1.08217	3.1154899999999995e-05	0	7.65256e-33	7.78099e-05	0	2.7610299999999997e-32	2.8621499999999996e-30	7.020169999999999e-32	0.0005	0.038343	
6140	1.96722	3.6389400000000003e-06	1.81593e-05	645.927	124.073	1.6363	208.312	2469.97	0.027322700000000002	0.353187	101.68799999999999	0.017113299999999998	4568.12	81.8794	0.0935803	0.0388538	6.799919999999999	0.0838492	2.12718e-32	7.61354e-31	19.9999	1.8971799999999997e-30	3.12637e-08	4.86602e-08	2.9382399999999995e-33	3.206429999999999e-30	20.6879	0.00532554	8.80009e-31	98.5164	21.1019	0.220779	1.08174	3.13014e-05	0	7.44499e-33	7.81761e-05	0	1.9897999999999998e-32	2.88353e-30	5.60884e-32	0.0005	0.0388538	
6160	1.96722	3.64611e-06	1.81949e-05	645.293	124.70700000000001	1.6709599999999998	207.868	2469.97	0.027385400000000004	0.34576	102.132	0.0173467	4567.19	82.8099	0.0948361	0.039375	6.799919999999999	0.084995	2.1209299999999998e-32	7.59207e-31	19.9999	1.89389e-30	3.1376400000000004e-08	4.88842e-08	2.8734599999999998e-33	3.2344299999999994e-30	20.4004	0.00526229	8.472020000000001e-31	98.9508	21.2494	0.22068000000000002	1.08128	3.14481e-05	0	7.27292e-33	7.8543e-05	0	1.5779199999999998e-32	2.8989799999999996e-30	4.53714e-32	0.0005	0.039375	
6180	1.96722	3.6532499999999997e-06	1.82302e-05	644.658	125.34200000000001	1.70649	207.424	2469.97	0.027448	0.338455	102.57600000000001	0.017585	4566.25	83.7529	0.0961175	0.039906800000000006	6.799919999999999	0.0861645	2.09309e-32	7.481999999999999e-31	19.9999	1.86811e-30	3.14891e-08	4.91086e-08	2.7624199999999998e-33	2.49367e-30	20.1145	0.00519913	8.16192e-31	99.3849	21.3972	0.22057600000000002	1.0808	3.1595100000000005e-05	0	7.104729999999999e-33	7.89107e-05	0	2.46892e-32	2.9085700000000002e-30	1.08431e-31	0.0005	0.039906800000000006	
6200	1.96722	3.6603399999999998e-06	1.82654e-05	644.0219999999999	125.978	1.74292	206.979	2469.97	0.0275105	0.331271	103.021	0.017828200000000002	4565.29	84.7087	0.09742519999999999	0.040449599999999995	6.799919999999999	0.08735839999999999	1.31957e-32	4.7696e-31	19.9999	1.2573499999999999e-30	3.16018e-08	4.9333400000000004e-08	2.5069299999999997e-33	9.2846e-31	19.8304	0.00513606	7.48536e-31	99.8188	21.5454	0.220468	1.08029	3.17425e-05	0	6.54479e-33	7.9279e-05	0	6.906119999999999e-32	2.96058e-30	1.94683e-31	0.0005	0.040449599999999995	
6220	1.96722	3.6673900000000004e-06	1.8300299999999998e-05	643.385	126.615	1.7802799999999999	206.535	2469.97	0.027572900000000004	0.324207	103.465	0.0180765	4564.32	85.6775	0.0987599	0.0410036	6.799919999999999	0.0885773	1.3314799999999999e-32	4.79367e-31	19.9999	1.24818e-30	3.17145e-08	4.955859999999999e-08	2.33211e-33	8.89745e-31	19.5479	0.00507308	6.864449999999999e-31	100.25299999999999	21.6938	0.22035500000000002	1.0797700000000001	3.18901e-05	0	6.0827700000000004e-33	7.96481e-05	0	7.76025e-32	3.0271299999999994e-30	2.22956e-31	0.0005	0.0410036	
6240	1.96722	3.6744e-06	1.8335e-05	642.747	127.25299999999999	1.8186	206.09099999999998	2469.97	0.0276353	0.317261	103.90899999999999	0.0183301	4563.34	86.6597	0.100122	0.041569	6.799919999999999	0.0898219	1.37392e-32	4.927129999999999e-31	19.9999	1.24482e-30	3.18272e-08	4.9784199999999995e-08	2.15831e-33	9.03215e-31	19.2672	0.00501019	6.25387e-31	100.686	21.8424	0.220237	1.07921	3.20379e-05	0	5.614419999999999e-33	8.001779999999999e-05	0	6.230469999999999e-32	3.0937499999999997e-30	1.76675e-31	0.0005	0.041569	
6260	1.96722	3.6813599999999998e-06	1.83695e-05	642.107	127.89299999999999	1.85789	205.646	2469.97	0.027697500000000003	0.31043200000000004	104.354	0.018588999999999998	4562.34	87.6555	0.101513	0.0421462	6.799919999999999	0.09109289999999999	1.3887100000000001e-32	4.97259e-31	19.9999	1.24391e-30	3.194e-08	5.0010199999999993e-08	2.00326e-33	9.50184e-31	18.9882	0.00494742	5.71542e-31	101.119	21.9912	0.22011399999999998	1.07864	3.21861e-05	0	5.207119999999999e-33	8.03883e-05	0	4.7602800000000004e-32	3.1463999999999995e-30	1.3752399999999999e-31	0.0005	0.0421462	
6280	1.96722	3.68827e-06	1.8403699999999998e-05	641.466	128.534	1.89819	205.201	2469.97	0.0277596	0.303717	104.79899999999999	0.018853400000000003	4561.33	88.6652	0.102933	0.0427355	6.799919999999999	0.0923908	1.38335e-32	4.95792e-31	19.9999	1.2455599999999999e-30	3.20527e-08	5.0236599999999993e-08	1.87106e-33	9.96836e-31	18.7109	0.00488475	5.2438e-31	101.552	22.1402	0.21998499999999999	1.0780299999999998	3.23345e-05	0	4.85243e-33	8.075939999999999e-05	0	3.72005e-32	3.1869299999999995e-30	1.07136e-31	0.0005	0.0427355	
6300	1.96722	3.6951300000000004e-06	1.84376e-05	640.8240000000001	129.17600000000002	1.93953	204.75599999999997	2469.97	0.027821600000000002	0.297117	105.244	0.0191235	4560.31	89.6891	0.10438199999999999	0.043337099999999996	6.799919999999999	0.0937165	1.38823e-32	4.97228e-31	19.9999	1.24507e-30	3.21654e-08	5.0463399999999995e-08	1.75162e-33	1.03613e-30	18.4354	0.0048222000000000004	4.82396e-31	101.985	22.2894	0.219852	1.0774	3.24832e-05	0	4.5328500000000005e-33	8.11313e-05	0	2.9460799999999994e-32	3.21786e-30	8.41577e-32	0.0005	0.043337099999999996	
6320	1.96722	3.7019400000000003e-06	1.84713e-05	640.181	129.819	1.98194	204.31099999999998	2469.97	0.0278834	0.29063	105.689	0.019399400000000004	4559.27	90.7275	0.10586300000000001	0.0439515	6.799919999999999	0.0950707	1.3880899999999998e-32	4.971439999999999e-31	19.9999	1.24456e-30	3.22781e-08	5.069059999999999e-08	1.64539e-33	1.0738699999999999e-30	18.1617	0.00475978	4.453249999999999e-31	102.417	22.4387	0.21971300000000002	1.07675	3.2632199999999996e-05	0	4.250739999999999e-33	8.15038e-05	0	2.34423e-32	3.2417e-30	6.6471e-32	0.0005	0.0439515	
6340	1.96722	3.7087e-06	1.85046e-05	639.5369999999999	130.463	2.02545	203.86599999999999	2469.97	0.027945099999999997	0.28425300000000003	106.134	0.019681200000000003	4558.22	91.7806	0.107374	0.0445789	6.799919999999999	0.0964541	1.3887e-32	4.973709999999999e-31	19.9999	1.24517e-30	3.23908e-08	5.09181e-08	1.55281e-33	1.1062999999999999e-30	17.8898	0.0046975	4.12615e-31	102.85	22.5881	0.21956799999999999	1.07606	3.27815e-05	0	4.00115e-33	8.1877e-05	0	1.87368e-32	3.2600799999999995e-30	5.28571e-32	0.0005	0.0445789	
6360	1.96722	3.7153899999999998e-06	1.85377e-05	638.8919999999999	131.108	2.0701	203.421	2469.97	0.028006700000000002	0.277987	106.579	0.0199692	4557.15	92.8489	0.108918	0.045219699999999995	6.799919999999999	0.0978674	1.40404e-32	5.048749999999999e-31	19.9999	1.3020699999999999e-30	3.25034e-08	5.11461e-08	1.45733e-33	9.52958e-31	17.6198	0.00463535	3.8352200000000003e-31	103.28200000000001	22.7375	0.21941799999999997	1.07535	3.2931e-05	0	3.778289999999999e-33	8.22509e-05	0	1.55331e-32	3.2741200000000004e-30	4.5821699999999993e-32	0.0005	0.045219699999999995	
6380	1.96722	3.72202e-06	1.85705e-05	638.245	131.755	2.11591	202.976	2469.97	0.0280682	0.271829	107.024	0.0202634	4556.07	93.9326	0.11049500000000001	0.0458741	6.799919999999999	0.0993114	1.7231299999999998e-32	6.19929e-31	19.9999	1.58941e-30	3.2616e-08	5.1374399999999996e-08	1.36243e-33	8.71627e-31	17.3516	0.00457335	3.5297099999999996e-31	103.713	22.886999999999997	0.21926199999999998	1.07461	3.30808e-05	0	3.5255199999999994e-33	8.26254e-05	0	8.745729999999999e-33	3.2850699999999996e-30	2.1504500000000002e-32	0.0005	0.0458741	
6400	1.96722	3.7285900000000003e-06	1.86029e-05	637.597	132.403	2.16292	202.53099999999998	2469.97	0.028129400000000002	0.265778	107.469	0.020564	4554.97	95.0321	0.112106	0.046542599999999996	6.799919999999999	0.100787	1.7516299999999998e-32	6.26913e-31	19.9999	1.56371e-30	3.27285e-08	5.16031e-08	1.2829599999999999e-33	9.022969999999998e-31	17.0853	0.00451152	3.26188e-31	104.14399999999999	23.0364	0.2191	1.07384	3.32308e-05	0	3.31054e-33	8.30006e-05	0	7.072199999999999e-33	3.2901199999999995e-30	1.9801599999999998e-32	0.0005	0.046542599999999996	
6420	1.96722	3.7351e-06	1.8635e-05	636.948	133.05200000000002	2.21117	202.085	2469.97	0.028190499999999997	0.259834	107.915	0.020871200000000003	4553.85	96.1476	0.113751	0.0472254	6.799919999999999	0.10229500000000001	1.7430599999999997e-32	6.242669999999999e-31	19.9999	1.5623599999999998e-30	3.28409e-08	5.1832099999999996e-08	1.2133699999999999e-33	9.2892e-31	16.8208	0.00444984	3.0273399999999996e-31	104.575	23.1859	0.218931	1.07303	3.33811e-05	0	3.1236399999999996e-33	8.337649999999999e-05	0	6.33163e-33	3.29399e-30	1.71133e-32	0.0005	0.0472254	
6440	1.96722	3.74153e-06	1.8666700000000002e-05	636.298	133.702	2.2606900000000003	201.64	2469.97	0.0282515	0.253994	108.36	0.0211851	4552.72	97.2796	0.11543199999999999	0.047922900000000004	6.799919999999999	0.10383599999999998	1.74145e-32	6.23737e-31	19.9999	1.56186e-30	3.2953199999999995e-08	5.20615e-08	1.15257e-33	9.51716e-31	16.5583	0.00438835	2.8216499999999997e-31	105.006	23.3352	0.218757	1.0722	3.35317e-05	0	2.96046e-33	8.3753e-05	0	5.56984e-33	3.29702e-30	1.48805e-32	0.0005	0.047922900000000004	
6460	1.96722	3.74789e-06	1.86981e-05	635.6469999999999	134.35299999999998	2.3115099999999997	201.19400000000002	2469.97	0.028312200000000003	0.248258	108.806	0.021506	4551.57	98.4284	0.117149	0.0486356	6.799919999999999	0.10540999999999999	1.74032e-32	6.23314e-31	19.9999	1.5605e-30	3.30654e-08	5.2291300000000004e-08	1.09967e-33	9.717200000000001e-31	16.2977	0.00432704	2.64127e-31	105.436	23.4844	0.21857600000000002	1.07134	3.36825e-05	0	2.8182199999999995e-33	8.41301e-05	0	4.9635299999999996e-33	3.29934e-30	1.3223899999999998e-32	0.0005	0.0486356	
6480	1.96722	3.75418e-06	1.8729e-05	634.994	135.006	2.36368	200.74900000000002	2469.97	0.0283728	0.242625	109.251	0.021833900000000003	4550.41	99.5944	0.118903	0.049363699999999996	6.799919999999999	0.10702	1.73884e-32	6.22775e-31	19.9999	1.55906e-30	3.31776e-08	5.25214e-08	1.05348e-33	9.87656e-31	16.0391	0.00426592	2.48258e-31	105.866	23.6335	0.218388	1.07044	3.38335e-05	0	2.69421e-33	8.450780000000001e-05	0	4.5096999999999994e-33	3.3011400000000004e-30	1.1858899999999998e-32	0.0005	0.049363699999999996	
6500	1.96722	3.7603899999999998e-06	1.87596e-05	634.341	135.659	2.41724	200.303	2469.97	0.028433099999999996	0.23709299999999997	109.697	0.0221692	4549.22	100.77799999999999	0.120696	0.0501075	6.799919999999999	0.10866500000000001	1.73792e-32	6.22463e-31	19.9999	1.55852e-30	3.32896e-08	5.2751800000000004e-08	1.01375e-33	1.00357e-30	15.7825	0.00420501	2.343e-31	106.296	23.7824	0.218194	1.06951	3.39849e-05	0	2.5866999999999993e-33	8.488620000000001e-05	0	4.1842899999999995e-33	3.30253e-30	1.0962799999999998e-32	0.0005	0.0501075	
6520	1.96722	3.76652e-06	1.87898e-05	633.686	136.314	2.47222	199.858	2469.97	0.028493200000000003	0.231661	110.14200000000001	0.0225118	4548.02	101.979	0.122527	0.0508676	6.799910000000001	0.110347	1.7363699999999998e-32	6.21873e-31	19.9999	1.5565799999999998e-30	3.3401400000000004e-08	5.29826e-08	9.79394e-34	1.02265e-30	15.527999999999999	0.00414431	2.22023e-31	106.725	23.930999999999997	0.217993	1.06854	3.41364e-05	0	2.4936e-33	8.52652e-05	0	3.8901799999999994e-33	3.3036e-30	1.01014e-32	0.0005	0.0508676	
6540	1.96722	3.7725699999999993e-06	1.88195e-05	633.03	136.97	2.52866	199.412	2469.97	0.028553199999999997	0.22632800000000003	110.588	0.0228621	4546.8	103.199	0.12439800000000001	0.0516442	6.799910000000001	0.11206600000000001	1.7349099999999997e-32	6.213709999999999e-31	19.9999	1.55556e-30	3.3513099999999996e-08	5.32137e-08	9.50056e-34	1.0367499999999999e-30	15.2754	0.00408384	2.1126e-31	107.154	24.0794	0.217784	1.06754	3.42882e-05	0	2.41431e-33	8.56448e-05	0	3.68235e-33	3.30444e-30	9.52256e-33	0.0005	0.0516442	
6560	1.96722	3.77853e-06	1.88488e-05	632.373	137.627	2.58661	198.96599999999998	2469.97	0.028612799999999997	0.22109299999999998	111.03399999999999	0.0232201	4545.56	104.43700000000001	0.12630999999999998	0.0524377	6.799910000000001	0.11382300000000001	1.73282e-32	6.20611e-31	19.9999	1.5534499999999999e-30	3.36246e-08	5.34451e-08	9.25258e-34	1.0496899999999998e-30	15.025	0.0040236	2.01764e-31	107.58200000000001	24.2274	0.217569	1.06651	3.44402e-05	0	2.34651e-33	8.6025e-05	0	3.5907799999999996e-33	3.305119999999999e-30	9.226200000000001e-33	0.0005	0.0524377	
6580	1.96722	3.7843900000000003e-06	1.88776e-05	631.715	138.285	2.6461099999999997	198.521	2469.97	0.0286722	0.21595599999999998	111.479	0.0235861	4544.31	105.695	0.12826400000000002	0.0532486	6.799910000000001	0.11562	1.7307499999999998e-32	6.19872e-31	19.9999	1.55167e-30	3.3736e-08	5.36768e-08	9.0285e-34	1.0592399999999999e-30	14.7766	0.00396361	1.93335e-31	108.01	24.3751	0.217346	1.0654299999999999	3.45925e-05	0	2.28802e-33	8.64058e-05	0	3.4668499999999995e-33	3.3056800000000004e-30	8.86744e-33	0.0005	0.0532486	
6600	1.96722	3.79017e-06	1.8905899999999998e-05	631.056	138.944	2.7072	198.075	2469.97	0.0287314	0.210914	111.925	0.023960299999999997	4543.03	106.97200000000001	0.13026	0.054077099999999996	6.799910000000001	0.11745599999999999	1.72914e-32	6.19307e-31	19.9999	1.5504099999999998e-30	3.38471e-08	5.39089e-08	8.8503e-34	1.06832e-30	14.5304	0.00390389	1.85849e-31	108.43700000000001	24.5224	0.217115	1.0643200000000002	3.4745e-05	0	2.23776e-33	8.67872e-05	0	3.35548e-33	3.306119999999999e-30	8.541589999999999e-33	0.0005	0.054077099999999996	
6620	1.96722	3.79584e-06	1.8933699999999998e-05	630.396	139.60399999999998	2.76992	197.62900000000002	2469.97	0.0287903	0.20596599999999998	112.37100000000001	0.0243428	4541.73	108.26899999999999	0.1323	0.0549237	6.799910000000001	0.119333	1.7273799999999998e-32	6.186600000000001e-31	19.9999	1.54858e-30	3.39581e-08	5.41412e-08	8.69518e-34	1.0767299999999999e-30	14.2864	0.00384443	1.7916199999999998e-31	108.86399999999999	24.6693	0.216877	1.06318	3.48977e-05	0	2.1953699999999998e-33	8.71691e-05	0	3.3008699999999996e-33	3.30648e-30	8.40436e-33	0.0005	0.0549237	
6640	1.96722	3.80142e-06	1.8961e-05	629.735	140.265	2.83433	197.18400000000003	2469.97	0.028848900000000004	0.20111300000000001	112.816	0.0247338	4540.41	109.586	0.134385	0.0557887	6.799910000000001	0.121252	1.7262599999999997e-32	6.18262e-31	19.9999	1.5475999999999998e-30	3.40688e-08	5.4373800000000003e-08	8.56442e-34	1.0844899999999999e-30	14.0446	0.00378526	1.73164e-31	109.291	24.8156	0.216631	1.06199	3.50507e-05	0	2.1595999999999997e-33	8.75516e-05	0	3.2777399999999995e-33	3.30681e-30	8.29889e-33	0.0005	0.0557887	
6660	1.96722	3.80689e-06	1.89878e-05	629.073	140.92700000000002	2.90045	196.738	2469.97	0.0289072	0.196352	113.262	0.0251335	4539.08	110.925	0.136514	0.0566725	6.799910000000001	0.123214	1.72412e-32	6.17507e-31	19.9999	1.54597e-30	3.41793e-08	5.46067e-08	8.461139999999998e-34	1.09497e-30	13.805	0.00372639	1.6777699999999999e-31	109.71700000000001	24.9614	0.21637699999999999	1.0607600000000001	3.52038e-05	0	2.1302499999999997e-33	8.79347e-05	0	3.17178e-33	3.3070699999999995e-30	7.98782e-33	0.0005	0.0566725	
6680	1.96722	3.8122500000000002e-06	1.9014e-05	628.409	141.591	2.96835	196.293	2469.97	0.0289652	0.191683	113.70700000000001	0.025542	4537.72	112.28399999999999	0.13869	0.0575756	6.799910000000001	0.125219	1.59474e-32	5.68014e-31	19.9999	1.3791499999999998e-30	3.42896e-08	5.48399e-08	8.654649999999999e-34	1.4246200000000001e-30	13.5677	0.00366783	1.64025e-31	110.14200000000001	25.1067	0.216115	1.0595	3.53572e-05	0	2.12653e-33	8.831819999999999e-05	0	5.6699600000000005e-33	3.307469999999999e-30	1.7762e-32	0.0005	0.0575756	
6700	1.96722	3.81751e-06	1.90396e-05	627.745	142.255	3.0380700000000003	195.847	2469.97	0.0290228	0.187105	114.15299999999999	0.0259597	4536.33	113.665	0.140913	0.0584982	6.799910000000001	0.127269	1.58596e-32	5.67179e-31	19.9999	1.40881e-30	3.4399599999999995e-08	5.50733e-08	8.71443e-34	1.38139e-30	13.3326	0.00360959	1.63165e-31	110.56700000000001	25.2513	0.215844	1.05819	3.55108e-05	0	2.15956e-33	8.87023e-05	0	4.9377399999999996e-33	3.3098e-30	1.41287e-32	0.0005	0.0584982	
6720	1.96722	3.82264e-06	1.90647e-05	627.0790000000001	142.921	3.10964	195.40200000000002	2469.97	0.0290802	0.182617	114.598	0.0263865	4534.93	115.069	0.14318399999999998	0.05944069999999999	6.799910000000001	0.129364	1.65497e-32	5.966409999999999e-31	19.9999	1.55222e-30	3.4509300000000004e-08	5.530700000000001e-08	8.81302e-34	1.38032e-30	13.0999	0.00355169	1.6244199999999998e-31	110.992	25.3952	0.21556399999999998	1.05684	3.56646e-05	0	2.18819e-33	8.908700000000001e-05	0	2.9089999999999996e-33	3.31113e-30	4.18738e-33	0.0005	0.05944069999999999	
6740	1.96722	3.82767e-06	1.90892e-05	626.413	143.58700000000002	3.1831400000000003	194.956	2469.97	0.029137200000000002	0.17821800000000002	115.044	0.0268228	4533.5	116.495	0.145504	0.060403599999999995	6.799910000000001	0.13150499999999998	1.7428999999999998e-32	6.2360599999999995e-31	19.9999	1.5353899999999998e-30	3.46187e-08	5.5541e-08	8.93612e-34	1.38221e-30	12.8696	0.00349414	1.6203800000000001e-31	111.415	25.5384	0.21527600000000002	1.05544	3.58186e-05	0	2.22092e-33	8.94721e-05	0	1.4434599999999999e-33	3.3098999999999996e-30	4.49454e-33	0.0005	0.060403599999999995	
6760	1.96722	3.832569999999999e-06	1.9112999999999998e-05	625.745	144.255	3.2585900000000003	194.511	2469.97	0.0291938	0.173906	115.48899999999999	0.0272687	4532.06	117.944	0.147874	0.0613871	6.799910000000001	0.133694	1.7216599999999998e-32	6.16275e-31	19.9999	1.53961e-30	3.47278e-08	5.57752e-08	9.04101e-34	1.3845600000000001e-30	12.6417	0.00343696	1.61289e-31	111.839	25.6808	0.214979	1.054	3.59727e-05	0	2.24929e-33	8.98577e-05	0	2.06447e-33	3.3088899999999996e-30	5.2183699999999994e-33	0.0005	0.0613871	
6780	1.96722	3.837340000000001e-06	1.9136199999999998e-05	625.077	144.923	3.33604	194.06599999999997	2469.97	0.02925	0.169682	115.934	0.0277243	4530.58	119.41799999999999	0.150294	0.062391499999999996	6.799910000000001	0.13593	1.7275799999999997e-32	6.182739999999999e-31	19.9999	1.5358e-30	3.48366e-08	5.6009599999999995e-08	9.13391e-34	1.3872799999999998e-30	12.4162	0.00338016	1.60239e-31	112.26100000000001	25.8223	0.214673	1.0525200000000001	3.61271e-05	0	2.27411e-33	9.02438e-05	0	1.9030199999999997e-33	3.3075599999999995e-30	6.87994e-33	0.0005	0.062391499999999996	
6800	1.96722	3.84199e-06	1.91588e-05	624.4069999999999	145.593	3.4155599999999997	193.62	2469.97	0.0293058	0.165543	116.38	0.0281899	4529.09	120.915	0.152766	0.0634173	6.799910000000001	0.138215	1.71547e-32	6.14419e-31	19.9999	1.5380799999999998e-30	3.49451e-08	5.6244199999999995e-08	9.214689999999998e-34	1.3902700000000001e-30	12.1932	0.00332376	1.58931e-31	112.684	25.963	0.214358	1.0509899999999999	3.62816e-05	0	2.29577e-33	9.063030000000001e-05	0	2.7926799999999993e-33	3.30716e-30	6.50097e-33	0.0005	0.0634173	
6820	1.96722	3.84651e-06	1.91807e-05	623.737	146.263	3.49718	193.175	2469.97	0.0293613	0.16149000000000002	116.825	0.028665499999999997	4527.56	122.43700000000001	0.155289	0.0644648	6.799910000000001	0.140549	1.7135499999999998e-32	6.137219999999999e-31	19.9999	1.53656e-30	3.50532e-08	5.64791e-08	9.2861e-34	1.39347e-30	11.9727	0.00326777	1.57414e-31	113.105	26.1028	0.214033	1.04942	3.6436399999999996e-05	0	2.31484e-33	9.10173e-05	0	2.6933e-33	3.3069099999999994e-30	6.71889e-33	0.0005	0.0644648	
6840	1.96722	3.85089e-06	1.92019e-05	623.065	146.935	3.58095	192.73	2469.97	0.0294163	0.157521	117.27	0.0291514	4526.02	123.984	0.157866	0.0655342	6.799910000000001	0.142934	1.71236e-32	6.13292e-31	19.9999	1.5352799999999998e-30	3.51609e-08	5.67141e-08	9.34915e-34	1.3968399999999998e-30	11.7547	0.0032122	1.55725e-31	113.52600000000001	26.2416	0.21369899999999997	1.0478	3.65913e-05	0	2.33167e-33	9.14048e-05	0	2.7603799999999998e-33	3.30668e-30	6.81582e-33	0.0005	0.0655342	
6860	1.96722	3.85514e-06	1.92224e-05	622.393	147.607	3.6669300000000002	192.285	2469.97	0.0294708	0.153635	117.715	0.029647700000000003	4524.44	125.557	0.160496	0.0666258	6.799910000000001	0.14537	1.71107e-32	6.1282599999999995e-31	19.9999	1.5340700000000001e-30	3.5268300000000005e-08	5.69494e-08	9.405319999999998e-34	1.4003499999999999e-30	11.5393	0.00315708	1.5389599999999998e-31	113.946	26.3793	0.21335500000000002	1.04613	3.6746300000000004e-05	0	2.3465999999999998e-33	9.17926e-05	0	2.8258299999999997e-33	3.30652e-30	7.06292e-33	0.0005	0.0666258	
6880	1.96722	3.85925e-06	1.92423e-05	621.719	148.281	3.75516	191.84099999999998	2469.97	0.029524900000000003	0.149831	118.15899999999999	0.0301545	4522.84	127.156	0.163181	0.06773989999999999	6.799910000000001	0.147857	1.70975e-32	6.12361e-31	19.9999	1.5330600000000001e-30	3.53753e-08	5.71848e-08	9.455319999999998e-34	1.40398e-30	11.3265	0.00310241	1.5195199999999999e-31	114.365	26.516	0.21300100000000002	1.04441	3.69016e-05	0	2.3598699999999997e-33	9.21809e-05	0	2.8558e-33	3.3064099999999994e-30	7.09412e-33	0.0005	0.06773989999999999	
6900	1.96722	3.863219999999999e-06	1.92614e-05	621.045	148.955	3.8456900000000003	191.396	2469.97	0.029578500000000004	0.146109	118.604	0.0306719	4521.22	128.782	0.16592	0.06887689999999999	6.799910000000001	0.150397	1.7087799999999998e-32	6.120109999999999e-31	19.9999	1.5321499999999999e-30	3.54819e-08	5.74204e-08	9.50013e-34	1.4077e-30	11.1164	0.00304822	1.4991799999999998e-31	114.78399999999999	26.6515	0.212637	1.04264	3.70569e-05	0	2.3717199999999996e-33	9.256959999999999e-05	0	2.8618000000000004e-33	3.30631e-30	7.09814e-33	0.0005	0.06887689999999999	
6920	1.96722	3.86704e-06	1.92798e-05	620.37	149.63	3.93856	190.952	2469.97	0.0296317	0.142468	119.04799999999999	0.0312002	4519.56	130.435	0.168714	0.07003680000000001	6.799910000000001	0.15299000000000001	1.7075499999999997e-32	6.115709999999999e-31	19.9999	1.5310099999999999e-30	3.55881e-08	5.7656199999999995e-08	9.53796e-34	1.4111600000000001e-30	10.9089	0.00299452	1.47812e-31	115.20200000000001	26.7858	0.212263	1.04083	3.72125e-05	0	2.38227e-33	9.29586e-05	0	2.86962e-33	3.3062199999999995e-30	7.14883e-33	0.0005	0.07003680000000001	
6940	1.96722	3.87072e-06	1.92974e-05	619.694	150.306	4.0338400000000005	190.507	2469.97	0.0296843	0.138906	119.493	0.0317394	4517.88	132.116	0.171565	0.07121989999999999	6.799910000000001	0.155636	1.70652e-32	6.112219999999999e-31	19.9999	1.5304699999999999e-30	3.56939e-08	5.78921e-08	9.56781e-34	1.41401e-30	10.7041	0.00294132	1.4562099999999999e-31	115.619	26.9189	0.211878	1.03896	3.73681e-05	0	2.39255e-33	9.334799999999999e-05	0	2.8597e-33	3.3061300000000006e-30	7.09022e-33	0.0005	0.07121989999999999	
6960	1.96722	3.87425e-06	1.93143e-05	619.016	150.984	4.13155	190.063	2469.97	0.029736400000000003	0.135424	119.93700000000001	0.0322895	4516.17	133.826	0.17447200000000002	0.07242639999999999	6.799910000000001	0.15833699999999998	1.7059599999999998e-32	6.110049999999999e-31	19.9999	1.5296899999999998e-30	3.579919999999999e-08	5.8128199999999994e-08	9.59771e-34	1.4161299999999998e-30	10.5021	0.00288865	1.4332e-31	116.036	27.0507	0.211484	1.03704	3.7524e-05	0	2.40328e-33	9.37378e-05	0	2.8595799999999997e-33	3.3060299999999996e-30	7.07482e-33	0.0005	0.07242639999999999	
6980	1.96722	3.87763e-06	1.93305e-05	618.3380000000001	151.662	4.23174	189.61900000000003	2469.97	0.029788	0.132019	120.381	0.032850800000000006	4514.44	135.565	0.17743499999999998	0.0736565	6.799910000000001	0.161092	2.03372e-32	7.550449999999999e-31	19.9999	2.4755900000000002e-30	3.59041e-08	5.836440000000001e-08	9.660189999999998e-34	1.4283100000000001e-30	10.3029	0.00283651	1.41202e-31	116.45200000000001	27.1812	0.21107800000000002	1.0350700000000002	3.76799e-05	0	2.41715e-33	9.412790000000001e-05	0	1.1601099999999999e-32	3.30327e-30	7.20298e-32	0.0005	0.0736565	
7000	1.96722	3.88086e-06	1.93459e-05	617.66	152.34	4.33447	189.176	2469.97	0.029838999999999997	0.128691	120.824	0.0334233	4512.67	137.333	0.180456	0.0749102	6.799910000000001	0.163902	2.6484299999999994e-32	9.543709999999999e-31	19.9999	2.45852e-30	3.60086e-08	5.86008e-08	9.78784e-34	1.4341299999999998e-30	10.1064	0.00278492	1.4033799999999998e-31	116.867	27.3103	0.210662	1.03305	3.7836e-05	0	2.44507e-33	9.45183e-05	0	1.9302099999999996e-32	3.3208099999999996e-30	5.97006e-32	0.0005	0.0749102	
7020	1.96722	3.8839400000000005e-06	1.93605e-05	616.98	153.02	4.439769999999999	188.732	2469.97	0.0298895	0.12543900000000002	121.26799999999999	0.034007	4510.87	139.132	0.183533	0.0761877	6.799910000000001	0.166767	2.71503e-32	9.720929999999999e-31	19.9999	2.43174e-30	3.61126e-08	5.88372e-08	9.866169999999999e-34	1.43846e-30	9.9128	0.0027339	1.38705e-31	117.281	27.4379	0.210236	1.0309700000000002	3.79922e-05	0	2.4610700000000002e-33	9.4909e-05	0	1.6535299999999998e-32	3.33652e-30	4.62418e-32	0.0005	0.0761877	
7040	1.96722	3.88687e-06	1.9374400000000002e-05	616.299	153.701	4.54769	188.28900000000002	2469.97	0.0299393	0.122262	121.711	0.0346021	4509.04	140.961	0.186668	0.077489	6.7999	0.169688	2.7147799999999996e-32	9.71952e-31	19.9999	2.4273799999999997e-30	3.6216199999999996e-08	5.90738e-08	9.922899999999999e-34	1.4429199999999999e-30	9.72204	0.00268346	1.36914e-31	117.694	27.5641	0.20979899999999999	1.02885	3.81485e-05	0	2.47603e-33	9.53e-05	0	1.3406599999999998e-32	3.34853e-30	3.705319999999999e-32	0.0005	0.077489	
7060	1.96722	3.88964e-06	1.93875e-05	615.618	154.382	4.65826	187.84599999999998	2469.97	0.029988599999999997	0.11915899999999999	122.154	0.0352085	4507.18	142.821	0.189861	0.07881419999999999	6.7999	0.172665	2.70847e-32	9.69959e-31	19.9999	2.42676e-30	3.63193e-08	5.93104e-08	9.97097e-34	1.44749e-30	9.53416	0.00263363	1.35023e-31	118.10600000000001	27.6887	0.20935	1.02667	3.83049e-05	0	2.4892199999999995e-33	9.56913e-05	0	1.11466e-32	3.35782e-30	3.08677e-32	0.0005	0.07881419999999999	
7080	1.96722	3.89226e-06	1.93998e-05	614.936	155.064	4.77152	187.403	2469.97	0.0300373	0.11613	122.59700000000001	0.035826199999999996	4505.29	144.713	0.19311099999999998	0.08016319999999999	6.7999	0.175697	2.70471e-32	9.68717e-31	19.9999	2.42525e-30	3.6422e-08	5.95472e-08	1.00168e-33	1.4521299999999998e-30	9.34918	0.0025844	1.33059e-31	118.51799999999999	27.8118	0.208891	1.02443	3.84614e-05	0	2.50109e-33	9.608290000000001e-05	0	9.194889999999999e-33	3.36505e-30	2.5304099999999997e-32	0.0005	0.08016319999999999	
7100	1.96722	3.89473e-06	1.9411400000000002e-05	614.253	155.747	4.887519999999999	186.96	2469.97	0.030085300000000002	0.11317200000000001	123.04	0.036455400000000006	4503.36	146.638	0.196418	0.081536	6.7999	0.178785	2.7023900000000003e-32	9.678919999999999e-31	19.9999	2.4234599999999996e-30	3.65242e-08	5.9784e-08	1.00572e-33	1.45682e-30	9.16713	0.0025358	1.31043e-31	118.928	27.9333	0.208421	1.02214	3.8618e-05	0	2.5116900000000003e-33	9.647469999999999e-05	0	7.46197e-33	3.3704799999999995e-30	2.1198099999999996e-32	0.0005	0.081536	
7120	1.96722	3.89704e-06	1.94223e-05	613.569	156.431	5.00628	186.518	2469.97	0.0301327	0.11028699999999998	123.48200000000001	0.0370959	4501.4	148.595	0.199782	0.0829325	6.7999	0.18193	2.71302e-32	9.712299999999999e-31	19.9999	2.4174799999999997e-30	3.66259e-08	6.00209e-08	1.00952e-33	1.46156e-30	8.98802	0.00248784	1.2901e-31	119.338	28.0532	0.20794	1.0198	3.87747e-05	0	2.5216799999999998e-33	9.68667e-05	0	3.94711e-33	3.36944e-30	2.55844e-32	0.0005	0.0829325	
7140	1.96722	3.89921e-06	1.94324e-05	612.884	157.116	5.12784	186.076	2469.97	0.030179400000000006	0.107471	123.92399999999999	0.037747699999999995	4499.41	150.58700000000002	0.203203	0.0843526	6.7999	0.18513	2.7004799999999995e-32	9.670109999999998e-31	19.9999	2.4193099999999998e-30	3.672719999999999e-08	6.02578e-08	1.0128200000000001e-33	1.46632e-30	8.81188	0.00244054	1.26941e-31	119.74600000000001	28.1713	0.207448	1.0174	3.89315e-05	0	2.5304499999999995e-33	9.725889999999999e-05	0	8.147819999999999e-33	3.36954e-30	2.13744e-32	0.0005	0.0843526	
7160	1.96722	3.9012300000000004e-06	1.94418e-05	612.1990000000001	157.80100000000002	5.25223	185.63400000000001	2469.97	0.0302255	0.104725	124.366	0.038410900000000005	4497.39	152.612	0.20668000000000003	0.0857961	6.7999	0.188385	2.69624e-32	9.656719999999999e-31	19.9999	2.4175e-30	3.6828e-08	6.04948e-08	1.0158300000000001e-33	1.47109e-30	8.638710000000001	0.0023939	1.24847e-31	120.154	28.2878	0.20694400000000002	1.01495	3.9088299999999996e-05	0	2.5382799999999998e-33	9.76513e-05	0	6.632899999999999e-33	3.37397e-30	1.8274999999999998e-32	0.0005	0.0857961	
7180	1.96722	3.9031e-06	1.94504e-05	611.513	158.487	5.3794699999999995	185.19299999999998	2469.97	0.0302709	0.102047	124.807	0.0390853	4495.33	154.672	0.210213	0.0872628	6.7999	0.191696	2.69387e-32	9.64826e-31	19.9999	2.41534e-30	3.6928400000000007e-08	6.07319e-08	1.01861e-33	1.47585e-30	8.468539999999999	0.00234793	1.2275e-31	120.561	28.4024	0.20643000000000003	1.01245	3.92452e-05	0	2.54554e-33	9.8044e-05	0	5.8746899999999986e-33	3.37726e-30	1.5786899999999998e-32	0.0005	0.0872628	
7200	1.96722	3.90482e-06	1.94583e-05	610.826	159.174	5.50959	184.752	2469.97	0.0303156	0.0994364	125.24799999999999	0.0397708	4493.23	156.767	0.21380100000000002	0.0887524	6.7999	0.19506199999999999	2.69125e-32	9.638899999999999e-31	19.9999	2.413e-30	3.70283e-08	6.0969e-08	1.0212599999999999e-33	1.4806899999999998e-30	8.30136	0.00230266	1.2065799999999999e-31	120.96600000000001	28.5154	0.205905	1.00989	3.94022e-05	0	2.5523299999999997e-33	9.84367e-05	0	5.19081e-33	3.37979e-30	1.3763100000000001e-32	0.0005	0.0887524	
7220	1.96722	3.906409999999999e-06	1.94656e-05	610.139	159.861	5.64262	184.31099999999998	2469.97	0.030359699999999996	0.09689210000000001	125.689	0.0404674	4491.1	158.89700000000002	0.217444	0.09026469999999999	6.7999	0.198482	2.688259999999999e-32	9.62803e-31	19.9999	2.41012e-30	3.71278e-08	6.12061e-08	1.0225399999999998e-33	1.48507e-30	8.1372	0.00225808	1.18575e-31	121.37100000000001	28.6264	0.205369	1.00728	3.95593e-05	0	2.55809e-33	9.88297e-05	0	4.680949999999999e-33	3.3817099999999996e-30	1.23488e-32	0.0005	0.09026469999999999	
7240	1.96722	3.90785e-06	1.94722e-05	609.45	160.55	5.778580000000001	183.87	2469.97	0.030402999999999996	0.094413	126.13	0.0411749	4488.94	161.064	0.22114	0.0917992	6.7999	0.201955	2.6862699999999996e-32	9.621169999999998e-31	19.9999	2.40874e-30	3.72268e-08	6.14433e-08	1.02689e-33	1.4894399999999997e-30	7.97605	0.00221422	1.16525e-31	121.775	28.7357	0.20482199999999998	1.00461	3.97164e-05	0	2.56257e-33	9.922280000000001e-05	0	4.28267e-33	3.3832e-30	1.1164799999999998e-32	0.0005	0.0917992	
7260	1.96722	3.90916e-06	1.94781e-05	608.762	161.238	5.91747	183.43	2469.97	0.030445599999999996	0.091998	126.57	0.0418932	4486.73	163.268	0.22488899999999998	0.0933557	6.7999	0.20548200000000003	2.68442e-32	9.61446e-31	19.9999	2.40694e-30	3.73255e-08	6.16805e-08	1.03146e-33	1.4942799999999998e-30	7.81791	0.00217107	1.14483e-31	122.177	28.8431	0.204264	1.00189	3.98735e-05	0	2.56954e-33	9.9616e-05	0	3.97868e-33	3.38431e-30	1.03072e-32	0.0005	0.0933557	
7280	1.96722	3.91034e-06	1.94833e-05	608.072	161.928	6.05933	182.99	2469.97	0.0304874	0.0896461	127.01	0.0426221	4484.49	165.50900000000001	0.22868899999999998	0.0949336	6.7999	0.20906100000000002	2.6822599999999997e-32	9.60667e-31	19.9999	2.40497e-30	3.7423699999999995e-08	6.191759999999999e-08	1.0305499999999998e-33	1.49911e-30	7.662789999999999	0.00212865	1.1244799999999998e-31	122.57799999999999	28.9486	0.20369500000000001	0.9991209999999999	4.00307e-05	0	2.5759399999999996e-33	0.000100009	0	3.73053e-33	3.38513e-30	9.609639999999999e-33	0.0005	0.0949336	
7300	1.96722	3.9113900000000005e-06	1.9488e-05	607.382	162.618	6.20415	182.551	2469.97	0.0305286	0.0873562	127.449	0.043361500000000004	4482.21	167.78799999999998	0.23254	0.09653250000000001	6.7999	0.212691	2.67992e-32	9.59838e-31	19.9999	2.403e-30	3.7521499999999996e-08	6.21548e-08	1.0325199999999999e-33	1.50376e-30	7.510680000000001	0.00208696	1.10434e-31	122.979	29.0522	0.20311600000000002	0.996297	4.0188e-05	0	2.58126e-33	0.000100403	0	3.54569e-33	3.3857599999999995e-30	9.02969e-33	0.0005	0.09653250000000001	
7320	1.96722	3.9123199999999995e-06	1.94921e-05	606.691	163.309	6.35194	182.112	2469.97	0.030568900000000003	0.0851272	127.88799999999999	0.0441111	4479.9	170.105	0.23644099999999998	0.098152	6.7999	0.21637199999999998	2.6777199999999996e-32	9.590309999999999e-31	19.9999	2.40074e-30	3.7619e-08	6.239200000000001e-08	1.03444e-33	1.50841e-30	7.36158	0.002046	1.0844799999999998e-31	123.37799999999999	29.154	0.202526	0.9934209999999999	4.03452e-05	0	2.5861999999999996e-33	0.000100796	0	3.3881e-33	3.38619e-30	8.58319e-33	0.0005	0.098152	
7340	1.96722	3.91313e-06	1.94956e-05	606.0	164.0	6.50272	181.674	2469.97	0.0306086	0.0829579	128.326	0.0448708	4477.54	172.46099999999998	0.240389	0.0997913	6.7999	0.22010300000000002	2.6754899999999996e-32	9.58245e-31	19.9999	2.39894e-30	3.7716e-08	6.26292e-08	1.03633e-33	1.51302e-30	7.21547	0.00200579	1.06493e-31	123.775	29.2537	0.201925	0.9904940000000001	4.05025e-05	0	2.5909799999999998e-33	0.00010119	0	3.44958e-33	3.38655e-30	8.796379999999999e-33	0.0005	0.0997913	
7360	1.96722	3.913819999999999e-06	1.94985e-05	605.308	164.692	6.65648	181.235	2469.97	0.0306475	0.0808472	128.765	0.0456403	4475.14	174.856	0.244383	0.10145	6.7999	0.223881	2.67331e-32	9.574529999999999e-31	19.9999	2.39673e-30	3.78127e-08	6.28664e-08	1.0383399999999998e-33	1.51631e-30	7.07234	0.00196633	1.0456099999999998e-31	124.17200000000001	29.3516	0.20131500000000002	0.987517	4.06599e-05	0	2.5959099999999995e-33	0.000101584	0	3.38486e-33	3.38694e-30	8.684930000000001e-33	0.0005	0.10145	
7380	1.96722	3.91441e-06	1.9501e-05	604.616	165.38400000000001	6.81323	180.798	2469.97	0.030685700000000003	0.078794	129.202	0.0464194	4472.71	177.291	0.248423	0.103127	6.7999	0.22770700000000002	2.67072e-32	9.56535e-31	19.9999	2.3946099999999996e-30	3.79091e-08	6.31036e-08	1.0402299999999999e-33	1.52061e-30	6.932189999999999	0.00192762	1.02628e-31	124.568	29.4475	0.200694	0.98449	4.08172e-05	0	2.60042e-33	0.000101977	0	3.32302e-33	3.3872699999999995e-30	8.39204e-33	0.0005	0.103127	
7400	1.96722	3.9148900000000006e-06	1.95029e-05	603.923	166.077	6.9729600000000005	180.36	2469.97	0.0307231	0.07679710000000001	129.64	0.0472077	4470.23	179.765	0.252506	0.104823	6.7999	0.23157800000000003	2.66864e-32	9.557949999999999e-31	19.9999	2.3928999999999997e-30	3.80051e-08	6.33407e-08	1.04127e-33	1.52542e-30	6.794980000000001	0.00188966	1.00749e-31	124.962	29.5415	0.20006400000000002	0.9814149999999999	4.09746e-05	0	2.60374e-33	0.000102371	0	3.27407e-33	3.387519999999999e-30	8.273169999999999e-33	0.0005	0.104823	
7420	1.96722	3.91528e-06	1.95044e-05	603.229	166.771	7.135660000000001	179.924	2469.97	0.030759699999999997	0.0748554	130.076	0.0480051	4467.72	182.28099999999998	0.25663	0.10653499999999999	6.7999	0.235494	2.66729e-32	9.553289999999999e-31	19.9999	2.3919699999999998e-30	3.81009e-08	6.35778e-08	1.0449899999999998e-33	1.5323599999999999e-30	6.660710000000001	0.00185245	9.891269999999999e-32	125.355	29.6335	0.199423	0.978292	4.11319e-05	0	2.6092799999999997e-33	0.000102765	0	3.23328e-33	3.3877399999999996e-30	8.19605e-33	0.0005	0.10653499999999999	
7440	1.96722	3.91557e-06	1.95054e-05	602.535	167.465	7.30132	179.487	2469.97	0.030795599999999996	0.07296760000000001	130.513	0.04881130000000001	4465.16	184.83700000000002	0.260794	0.10826500000000001	6.7999	0.23945300000000003	2.66508e-32	9.5451e-31	19.9999	2.38947e-30	3.81963e-08	6.38149e-08	1.0475799999999998e-33	1.53337e-30	6.52934	0.00181599	9.710789999999999e-32	125.74700000000001	29.7236	0.198773	0.9751219999999999	4.1289300000000005e-05	0	2.6149099999999998e-33	0.00010315899999999999	0	3.17852e-33	3.3879299999999995e-30	7.99535e-33	0.0005	0.10826500000000001	
7460	1.96722	3.91578e-06	1.95061e-05	601.841	168.15900000000002	7.469939999999999	179.051	2469.97	0.0308308	0.0711327	130.94899999999998	0.049625800000000005	4462.57	187.435	0.264997	0.11001	6.7999	0.243454	2.66295e-32	9.537459999999999e-31	19.9999	2.3875299999999997e-30	3.8291499999999996e-08	6.4052e-08	1.0469e-33	1.53907e-30	6.40086	0.00178029	9.52997e-32	126.137	29.8117	0.198114	0.9719059999999999	4.14467e-05	0	2.6194099999999997e-33	0.000103552	0	3.1718899999999996e-33	3.38807e-30	7.97574e-33	0.0005	0.11001	
7480	1.96722	3.91591e-06	1.95064e-05	601.146	168.854	7.6415	178.61599999999999	2469.97	0.0308652	0.0693495	131.384	0.050448400000000004	4459.93	190.074	0.269235	0.11177000000000001	6.7999	0.247494	2.6608699999999997e-32	9.52998e-31	19.9999	2.3855700000000002e-30	3.8386400000000005e-08	6.42891e-08	1.04744e-33	1.5433e-30	6.27522	0.00174533	9.359899999999999e-32	126.52600000000001	29.8979	0.197446	0.9686450000000001	4.16041e-05	0	2.6194699999999998e-33	0.000103946	0	3.09378e-33	3.388159999999999e-30	7.73783e-33	0.0005	0.11177000000000001	
7500	1.96722	3.91596e-06	1.95063e-05	600.45	169.55	7.815980000000001	178.18099999999998	2469.97	0.030898900000000003	0.06761669999999999	131.819	0.051278899999999995	4457.25	192.755	0.273507	0.113544	6.7999	0.25157199999999996	2.65844e-32	9.521339999999999e-31	19.9999	2.38356e-30	3.84811e-08	6.45261e-08	1.04915e-33	1.5476499999999998e-30	6.15241	0.00171112	9.19208e-32	126.914	29.9822	0.196769	0.965341	4.1761499999999996e-05	0	2.62336e-33	0.00010434	0	3.08126e-33	3.388219999999999e-30	7.74249e-33	0.0005	0.113544	
7520	1.96722	3.91595e-06	1.95059e-05	599.755	170.245	7.993360000000001	177.747	2469.97	0.0309318	0.0659332	132.253	0.052116699999999995	4454.52	195.47799999999998	0.27781100000000003	0.11533199999999999	6.7999	0.255687	2.65645e-32	9.51421e-31	19.9999	2.38179e-30	3.85755e-08	6.47631e-08	1.05084e-33	1.5519399999999997e-30	6.03239	0.00167765	9.027239999999998e-32	127.3	30.0646	0.19608299999999998	0.961995	4.19189e-05	0	2.62757e-33	0.00010473399999999999	0	3.0883999999999996e-33	3.3882699999999995e-30	7.71853e-33	0.0005	0.11533199999999999	
7540	1.96722	3.91586e-06	1.95052e-05	599.058	170.942	8.17362	177.313	2469.97	0.030964	0.0642978	132.687	0.0529616	4451.76	198.245	0.282145	0.117132	6.7998899999999995	0.259838	2.65423e-32	9.50621e-31	19.9999	2.3797099999999998e-30	3.8669800000000004e-08	6.500009999999999e-08	1.0525e-33	1.5562e-30	5.91513	0.00164491	8.86547e-32	127.685	30.1451	0.195389	0.958607	4.20763e-05	0	2.63176e-33	0.00010512799999999999	0	3.05582e-33	3.3882999999999994e-30	7.65017e-33	0.0005	0.117132	
7560	1.96722	3.91573e-06	1.9504300000000002e-05	598.362	171.638	8.35674	176.87900000000002	2469.97	0.0309954	0.06270930000000001	133.121	0.0538133	4448.95	201.054	0.286507	0.11894400000000001	6.7998899999999995	0.264021	2.6524900000000004e-32	9.50018e-31	19.9999	2.3782299999999997e-30	3.8763900000000003e-08	6.5237e-08	1.05414e-33	1.5604199999999999e-30	5.80058	0.00161291	8.70683e-32	128.069	30.2237	0.194687	0.9551799999999999	4.2233599999999995e-05	0	2.63585e-33	0.00010552200000000001	0	3.06644e-33	3.38832e-30	7.72483e-33	0.0005	0.11894400000000001	
7580	1.96722	3.9155300000000004e-06	1.95031e-05	597.665	172.335	8.542689999999999	176.447	2469.97	0.031026099999999997	0.061166599999999995	133.553	0.054671300000000006	4446.09	203.90599999999998	0.29089499999999996	0.12076600000000001	6.7998899999999995	0.268235	2.6393299999999995e-32	9.460829999999999e-31	19.9999	2.38034e-30	3.8857800000000005e-08	6.54739e-08	1.05566e-33	1.56461e-30	5.6887099999999995	0.00158163	8.551630000000001e-32	128.451	30.3005	0.193977	0.951714	4.2391e-05	0	2.6398699999999995e-33	0.000105915	0	3.195949999999999e-33	3.3894699999999994e-30	7.00413e-33	0.0005	0.12076600000000001	
7600	1.96722	3.91529e-06	1.95017e-05	596.967	173.033	8.73144	176.015	2469.97	0.031056200000000003	0.05966849999999999	133.985	0.05553530000000001	4443.2	206.801	0.295306	0.122598	6.7998899999999995	0.27247899999999997	2.6536099999999997e-32	9.49984e-31	19.9999	2.37491e-30	3.89515e-08	6.57108e-08	1.05759e-33	1.5693899999999999e-30	5.57948	0.00155106	8.400139999999998e-32	128.832	30.3754	0.19326	0.948211	4.25484e-05	0	2.64419e-33	0.000106309	0	2.7526100000000002e-33	3.39135e-30	5.836359999999999e-33	0.0005	0.122598	
7620	1.96722	3.91501e-06	1.95001e-05	596.27	173.73	8.92296	175.583	2469.97	0.031085500000000002	0.0582138	134.417	0.0564049	4440.26	209.74099999999999	0.299738	0.12443900000000001	6.7998899999999995	0.276751	2.64612e-32	9.47849e-31	19.9999	2.37424e-30	3.9045099999999995e-08	6.594760000000001e-08	1.05694e-33	1.57245e-30	5.47284	0.00152121	8.25261e-32	129.21200000000002	30.4485	0.19253499999999998	0.944672	4.27057e-05	0	2.6458400000000002e-33	0.000106703	0	2.4452399999999996e-33	3.39087e-30	6.74976e-33	0.0005	0.12443900000000001	
7640	1.96722	3.91469e-06	1.94984e-05	595.572	174.428	9.11722	175.15200000000002	2469.97	0.031114099999999995	0.0568014	134.84799999999998	0.0572798	4437.28	212.72400000000002	0.30419	0.126288	6.7998899999999995	0.281048	2.64513e-32	9.47401e-31	19.9998	2.3723e-30	3.9138599999999996e-08	6.61844e-08	1.05117e-33	1.57639e-30	5.36876	0.00149205	8.10978e-32	129.59	30.5198	0.191803	0.941099	4.2863e-05	0	2.6457299999999998e-33	0.00010709700000000001	0	2.7074399999999998e-33	3.3905e-30	6.8451e-33	0.0005	0.126288	
7660	1.96722	3.91434e-06	1.9496500000000002e-05	594.873	175.127	9.31419	174.72099999999998	2469.97	0.031142000000000003	0.0554302	135.279	0.0581595	4434.25	215.75099999999998	0.308658	0.128144	6.7998899999999995	0.28536999999999996	2.64334e-32	9.46734e-31	19.9998	2.37012e-30	3.9232000000000003e-08	6.64212e-08	1.0451199999999998e-33	1.58013e-30	5.267180000000001	0.00146358	7.960329999999999e-32	129.967	30.5893	0.191065	0.937492	4.30204e-05	0	2.6590999999999997e-33	0.00010749	0	2.77305e-33	3.390209999999999e-30	6.8281e-33	0.0005	0.128144	
7680	1.96722	3.91396e-06	1.94945e-05	594.175	175.825	9.51383	174.291	2469.97	0.0311692	0.054098900000000005	135.709	0.0590436	4431.18	218.822	0.31314000000000003	0.13000599999999998	6.7998899999999995	0.289713	2.64134e-32	9.46006e-31	19.9998	2.36814e-30	3.93252e-08	6.66579e-08	1.06623e-33	1.58287e-30	5.168069999999999	0.00143579	7.83651e-32	130.342	30.6572	0.19032000000000002	0.9338540000000001	4.3177700000000005e-05	0	2.6497199999999996e-33	0.000107884	0	2.74314e-33	3.38993e-30	6.6246e-33	0.0005	0.13000599999999998	
7700	1.96722	3.91355e-06	1.94923e-05	593.476	176.524	9.71611	173.862	2469.97	0.031195799999999996	0.0528066	136.138	0.059931899999999996	4428.06	221.937	0.31763600000000003	0.131874	6.7998899999999995	0.294077	2.6392900000000003e-32	9.45267e-31	19.9998	2.36624e-30	3.94185e-08	6.689460000000001e-08	1.0650999999999999e-33	1.5869399999999997e-30	5.07137	0.00140866	7.69258e-32	130.715	30.7233	0.18956900000000002	0.9301860000000001	4.33349e-05	0	2.66223e-33	0.000108278	0	2.7264299999999996e-33	3.38961e-30	6.671839999999999e-33	0.0005	0.131874	
7720	1.96722	3.91313e-06	1.9490099999999998e-05	592.776	177.22400000000002	9.92099	173.43400000000003	2469.97	0.031221699999999998	0.0515521	136.566	0.060823800000000004	4424.9	225.097	0.322141	0.133745	6.7998899999999995	0.29845900000000003	2.6373599999999996e-32	9.445879999999998e-31	19.9998	2.36477e-30	3.9511599999999995e-08	6.71312e-08	1.06618e-33	1.5909499999999997e-30	4.977040000000001	0.0013822	7.554880000000001e-32	131.088	30.7877	0.18881199999999998	0.9264889999999999	4.3492200000000003e-05	0	2.6663099999999998e-33	0.000108671	0	2.72874e-33	3.38929e-30	6.71574e-33	0.0005	0.133745	
7740	1.96722	3.91269e-06	1.94879e-05	592.077	177.923	10.1284	173.00599999999997	2469.97	0.031247000000000004	0.0503344	136.994	0.061719100000000006	4421.7	228.30200000000002	0.326654	0.13562000000000002	6.7998899999999995	0.30285700000000004	2.6566e-32	9.49819e-31	19.9998	2.3569299999999996e-30	3.9604699999999993e-08	6.73678e-08	1.06744e-33	1.5949e-30	4.88503	0.00135637	7.422749999999999e-32	131.458	30.8504	0.18805	0.9227639999999999	4.3649499999999996e-05	0	2.66967e-33	0.000109065	0	2.21633e-33	3.3887599999999996e-30	7.53118e-33	0.0005	0.13562000000000002	
7760	1.96722	3.91223e-06	1.94855e-05	591.377	178.623	10.3384	172.578	2469.97	0.031271600000000004	0.0491523	137.422	0.0626174	4418.45	231.55	0.331173	0.137498	6.7998899999999995	0.307271	2.6232799999999996e-32	9.405759999999999e-31	19.9998	2.3637599999999995e-30	3.969769999999999e-08	6.76044e-08	1.0686300000000001e-33	1.5988199999999998e-30	4.7952900000000005	0.00133119	7.29458e-32	131.828	30.9116	0.187282	0.9190139999999999	4.38067e-05	0	2.6729400000000002e-33	0.000109458	0	3.12415e-33	3.3880999999999995e-30	7.32595e-33	0.0005	0.137498	
7780	1.96722	3.91177e-06	1.94832e-05	590.677	179.32299999999998	10.5509	172.15099999999998	2469.97	0.0312957	0.0480048	137.849	0.0635182	4415.16	234.84400000000002	0.33569499999999997	0.139377	6.7998899999999995	0.31169600000000003	2.63377e-32	9.43132e-31	19.9998	2.359e-30	3.97907e-08	6.784099999999999e-08	1.06997e-33	1.60269e-30	4.70777	0.00130662	7.168819999999999e-32	132.195	30.9712	0.18650999999999998	0.9152389999999999	4.39639e-05	0	2.67592e-33	0.000109852	0	2.9383899999999994e-33	3.38808e-30	7.506079999999999e-33	0.0005	0.139377	
7800	1.96722	3.91129e-06	1.9480799999999998e-05	589.977	180.023	10.7658	171.725	2469.97	0.031319099999999996	0.0468909	138.275	0.06442130000000001	4411.82	238.18200000000002	0.340219	0.141256	6.7998899999999995	0.316133	2.6300199999999997e-32	9.419609999999999e-31	19.9998	2.3582599999999997e-30	3.98837e-08	6.807750000000001e-08	1.07127e-33	1.6065200000000002e-30	4.62242	0.00128266	7.046719999999999e-32	132.561	31.0292	0.18573299999999998	0.911441	4.412109999999999e-05	0	2.67917e-33	0.000110245	0	3.0055999999999998e-33	3.388019999999999e-30	7.47634e-33	0.0005	0.141256	
7820	1.96722	3.91082e-06	1.94784e-05	589.2769999999999	180.72299999999998	10.9831	171.3	2469.97	0.031341900000000006	0.0458096	138.7	0.0653262	4408.44	241.56400000000002	0.344742	0.14313499999999998	6.7998899999999995	0.320579	2.62807e-32	9.41264e-31	19.9998	2.35644e-30	3.99766e-08	6.8314e-08	1.07268e-33	1.6103299999999997e-30	4.5392	0.00125929	6.927860000000001e-32	132.92600000000002	31.0857	0.184951	0.9076209999999999	4.42783e-05	0	2.68255e-33	0.000110638	0	3.0084699999999997e-33	3.38799e-30	7.521329999999999e-33	0.0005	0.14313499999999998	
7840	1.96722	3.91034e-06	1.9475999999999998e-05	588.577	181.423	11.2028	170.875	2469.97	0.0313641	0.04476	139.125	0.0662326	4405.01	244.99200000000002	0.349263	0.145014	6.7998899999999995	0.325033	2.62562e-32	9.40366e-31	19.9998	2.35389e-30	4.006959999999999e-08	6.85505e-08	1.07405e-33	1.6140899999999998e-30	4.45805	0.00123651	6.812019999999999e-32	133.289	31.1407	0.184165	0.903781	4.44354e-05	0	2.686e-33	0.000111032	0	3.0008299999999997e-33	3.3879699999999994e-30	7.432419999999999e-33	0.0005	0.145014	
7860	1.96722	3.90986e-06	1.94736e-05	587.876	182.12400000000002	11.4248	170.451	2469.97	0.0313858	0.0437409	139.549	0.0671402	4401.54	248.463	0.353779	0.14689000000000002	6.7998899999999995	0.329492	2.62351e-32	9.396229999999999e-31	19.9998	2.3522299999999996e-30	4.0162500000000006e-08	6.87869e-08	1.07545e-33	1.61783e-30	4.37893	0.0012143	6.699139999999998e-32	133.651	31.1942	0.183376	0.8999209999999999	4.45925e-05	0	2.68949e-33	0.000111425	0	2.99053e-33	3.3879299999999995e-30	7.467819999999999e-33	0.0005	0.14689000000000002	
7880	1.96722	3.9093800000000005e-06	1.94713e-05	587.175	182.825	11.649000000000001	170.028	2469.97	0.0314069	0.042751599999999994	139.972	0.0680485	4398.02	251.979	0.358288	0.148764	6.7998899999999995	0.333955	2.62115e-32	9.38802e-31	19.9998	2.3506299999999997e-30	4.02554e-08	6.902339999999999e-08	1.0768499999999998e-33	1.62154e-30	4.3017900000000004	0.00119265	6.589060000000001e-32	134.011	31.2463	0.182583	0.8960440000000001	4.47496e-05	0	2.69302e-33	0.00011181799999999999	0	2.9911199999999998e-33	3.38789e-30	7.4557e-33	0.0005	0.148764	
7900	1.96722	3.90891e-06	1.9469e-05	586.474	183.52599999999998	11.8756	169.605	2469.97	0.0314275	0.041791	140.395	0.0689573	4394.46	255.54	0.362789	0.150634	6.7998899999999995	0.338421	2.6205700000000004e-32	9.38567e-31	19.9998	2.34954e-30	4.03484e-08	6.92597e-08	1.0783099999999999e-33	1.62521e-30	4.22657	0.00117154	6.48174e-32	134.369	31.2971	0.18178699999999998	0.892151	4.49067e-05	0	2.69658e-33	0.000112211	0	2.9580899999999996e-33	3.38784e-30	7.360270000000001e-33	0.0005	0.150634	
7920	1.96722	3.908450000000001e-06	1.94667e-05	585.773	184.227	12.1043	169.183	2469.97	0.0314475	0.0408583	140.817	0.0698663	4390.86	259.145	0.367279	0.152499	6.7998899999999995	0.342887	2.61881e-32	9.37958e-31	19.9998	2.3484e-30	4.04413e-08	6.949610000000001e-08	1.0797499999999999e-33	1.6288599999999998e-30	4.153230000000001	0.00115096	6.37708e-32	134.726	31.3465	0.18098699999999998	0.888242	4.50638e-05	0	2.70017e-33	0.000112604	0	2.9586599999999995e-33	3.3877699999999995e-30	7.39463e-33	0.0005	0.152499	
7940	1.96722	3.907990000000001e-06	1.94644e-05	585.072	184.928	12.3352	168.762	2469.97	0.031467	0.0399526	141.238	0.07077510000000001	4387.21	262.79400000000004	0.371757	0.15436	6.7998899999999995	0.347353	2.61706e-32	9.37317e-31	19.9998	2.3465299999999996e-30	4.053430000000001e-08	6.97324e-08	1.08118e-33	1.63249e-30	4.08173	0.0011309	6.275e-32	135.08100000000002	31.3945	0.18018499999999998	0.8843200000000001	4.52209e-05	0	2.7037899999999997e-33	0.000112997	0	3.0162799999999998e-33	3.387709999999999e-30	7.54158e-33	0.0005	0.15436	
7960	1.96722	3.9075400000000005e-06	1.94623e-05	584.371	185.62900000000002	12.5683	168.34099999999998	2469.97	0.031486	0.039073000000000004	141.659	0.0716833	4383.51	266.487	0.376221	0.15621500000000002	6.7998899999999995	0.35181599999999996	2.6149499999999996e-32	9.36564e-31	19.9998	2.3447299999999998e-30	4.06273e-08	6.99688e-08	1.08261e-33	1.63608e-30	4.01201	0.00111134	6.175419999999999e-32	135.435	31.4413	0.17938099999999998	0.8803850000000001	4.53779e-05	0	2.70736e-33	0.00011339	0	3.02844e-33	3.38769e-30	7.610670000000001e-33	0.0005	0.15621500000000002	
7980	1.96722	3.907099999999999e-06	1.94601e-05	583.67	186.33	12.8034	167.922	2469.97	0.031504500000000005	0.038218699999999994	142.078	0.0725908	4379.78	270.224	0.380668	0.158063	6.7998899999999995	0.356275	2.61298e-32	9.35852e-31	19.9998	2.3427900000000002e-30	4.0720400000000005e-08	7.02051e-08	1.08405e-33	1.63965e-30	3.94403	0.00109228	6.07826e-32	135.787	31.4868	0.178574	0.876439	4.55349e-05	0	2.7109699999999997e-33	0.00011378299999999999	0	3.04358e-33	3.3877e-30	7.596e-33	0.0005	0.158063	
8000	1.96722	3.90667e-06	1.9458e-05	582.9680000000001	187.032	13.0405	167.503	2469.97	0.0315226	0.037389	142.497	0.0734972	4376.0	274.005	0.38509899999999997	0.159904	6.7998899999999995	0.360729	2.6110099999999994e-32	9.35157e-31	19.9998	2.34125e-30	4.08134e-08	7.04413e-08	1.08549e-33	1.6431900000000002e-30	3.87774	0.00107369	5.98345e-32	136.138	31.5311	0.177765	0.872482	4.5691899999999995e-05	0	2.7145799999999997e-33	0.000114176	0	3.0237699999999998e-33	3.3877e-30	7.55663e-33	0.0005	0.159904	
8020	1.96722	3.90626e-06	1.9455999999999998e-05	582.2669999999999	187.733	13.2797	167.084	2469.97	0.0315401	0.0365829	142.916	0.07440219999999999	4372.17	277.829	0.38950999999999997	0.161737	6.7998899999999995	0.365177	2.60938e-32	9.34602e-31	19.9998	2.3406e-30	4.09065e-08	7.067760000000001e-08	1.08694e-33	1.64671e-30	3.8130900000000003	0.00105557	5.89093e-32	136.486	31.5743	0.176954	0.868516	4.58489e-05	0	2.7181900000000003e-33	0.000114569	0	3.0109e-33	3.38768e-30	7.5195e-33	0.0005	0.161737	
8040	1.96722	3.90585e-06	1.94541e-05	581.565	188.435	13.5209	166.667	2469.97	0.031557299999999996	0.03579980000000001	143.333	0.0753055	4368.3	281.697	0.393901	0.16356199999999999	6.79988	0.369616	2.60769e-32	9.339839999999998e-31	19.9998	2.3384299999999998e-30	4.09996e-08	7.09138e-08	1.0884e-33	1.6502099999999996e-30	3.75006	0.00103791	5.800669999999998e-32	136.834	31.6162	0.17614200000000002	0.864542	4.60059e-05	0	2.7218200000000002e-33	0.000114962	0	3.0012100000000002e-33	3.38765e-30	7.52704e-33	0.0005	0.16356199999999999	
8060	1.96722	3.90546e-06	1.94522e-05	580.864	189.136	13.764000000000001	166.25	2469.97	0.0315739	0.035039	143.75	0.0762069	4364.39	285.608	0.398269	0.165377	6.79988	0.374046	2.6057099999999996e-32	9.33225e-31	19.9998	2.3356999999999997e-30	4.10928e-08	7.115e-08	1.0898399999999998e-33	1.65368e-30	3.6885800000000004	0.00102069	5.71259e-32	137.18	31.656999999999996	0.17532799999999998	0.860562	4.61629e-05	0	2.7254499999999998e-33	0.000115355	0	3.06516e-33	3.38765e-30	7.68834e-33	0.0005	0.165377	
8080	1.96722	3.90508e-06	1.94503e-05	580.1619999999999	189.838	14.0089	165.834	2469.97	0.0315902	0.0342996	144.166	0.0771061	4360.44	289.561	0.40261399999999997	0.167183	6.79988	0.378465	2.6030199999999996e-32	9.32298e-31	19.9998	2.33409e-30	4.1185999999999996e-08	7.13862e-08	1.09128e-33	1.6571200000000002e-30	3.6286099999999997	0.00100389	5.62658e-32	137.524	31.6968	0.174514	0.856575	4.6319799999999997e-05	0	2.72905e-33	0.000115747	0	3.03584e-33	3.38768e-30	7.624489999999999e-33	0.0005	0.167183	
8100	1.96722	3.90472e-06	1.94486e-05	579.461	190.53900000000002	14.2558	165.418	2469.97	0.031606	0.033581	144.582	0.0780029	4356.44	293.558	0.406933	0.168978	6.79988	0.382872	2.60149e-32	9.317359999999998e-31	19.9998	2.3324999999999997e-30	4.127919999999999e-08	7.16224e-08	1.09273e-33	1.66055e-30	3.5701300000000002	0.00098752	5.542669999999999e-32	137.866	31.7354	0.173698	0.852584	4.64767e-05	0	2.7326699999999997e-33	0.00011614	0	3.04851e-33	3.3877e-30	7.62061e-33	0.0005	0.168978	
8120	1.96722	3.90437e-06	1.9446900000000002e-05	578.759	191.24099999999999	14.5045	165.00400000000002	2469.97	0.0316214	0.0328826	144.996	0.07889700000000001	4352.4	297.597	0.41122700000000006	0.170763	6.79988	0.387266	2.5987900000000003e-32	9.30775e-31	19.9998	2.33014e-30	4.1372499999999995e-08	7.185860000000001e-08	1.09417e-33	1.66395e-30	3.5130800000000004	0.000971553	5.46077e-32	138.207	31.7731	0.17288199999999998	0.8485889999999999	4.6633599999999993e-05	0	2.73629e-33	0.00011653299999999999	0	3.0656899999999995e-33	3.38772e-30	7.681809999999999e-33	0.0005	0.170763	
8140	1.96722	3.90403e-06	1.9445299999999998e-05	578.058	191.942	14.7549	164.59	2469.97	0.0316364	0.0322036	145.41	0.07978819999999999	4348.32	301.678	0.41549200000000003	0.172535	6.79988	0.391646	2.59731e-32	9.30233e-31	19.9998	2.32857e-30	4.1465800000000005e-08	7.20948e-08	1.09563e-33	1.66733e-30	3.4574199999999995	0.00095598	5.380830000000001e-32	138.546	31.8097	0.172065	0.844591	4.67905e-05	0	2.73992e-33	0.000116925	0	3.05117e-33	3.3877499999999996e-30	7.64427e-33	0.0005	0.172535	
8160	1.96722	3.9037e-06	1.9443699999999998e-05	577.356	192.644	15.0071	164.17700000000002	2469.97	0.031651099999999995	0.0315434	145.82299999999998	0.0806763	4344.2	305.8	0.419729	0.174296	6.79988	0.39601	2.5945999999999995e-32	9.29265e-31	19.9998	2.32625e-30	4.15592e-08	7.23309e-08	1.0970699999999999e-33	1.67069e-30	3.40312	0.000940792	5.30277e-32	138.884	31.8454	0.171247	0.840591	4.69474e-05	0	2.74353e-33	0.00011731799999999999	0	3.08427e-33	3.38778e-30	7.77389e-33	0.0005	0.174296	
8180	1.96722	3.9034e-06	1.94422e-05	576.654	193.34599999999998	15.2611	163.765	2469.97	0.0316653	0.0309015	146.235	0.081561	4340.04	309.965	0.42393500000000006	0.176044	6.79988	0.400359	2.59237e-32	9.284799999999999e-31	19.9998	2.32453e-30	4.16526e-08	7.2567e-08	1.0985199999999998e-33	1.67403e-30	3.3501300000000005	0.0009259769999999999	5.226569999999999e-32	139.22	31.8801	0.17043	0.83659	4.71043e-05	0	2.7471499999999997e-33	0.00011771	0	3.0694099999999995e-33	3.38783e-30	7.70651e-33	0.0005	0.176044	
8200	1.96722	3.9031e-06	1.94408e-05	575.953	194.047	15.5167	163.35299999999998	2469.97	0.0316793	0.0302772	146.64700000000002	0.0824421	4335.83	314.17	0.42811099999999996	0.17778	6.79988	0.40468899999999997	2.58997e-32	9.276139999999998e-31	19.9998	2.3222099999999996e-30	4.1745999999999995e-08	7.280310000000001e-08	1.09996e-33	1.67735e-30	3.2984199999999997	0.000911525	5.15218e-32	139.555	31.9139	0.169613	0.8325889999999999	4.72612e-05	0	2.7507800000000003e-33	0.00011810299999999999	0	3.0727199999999996e-33	3.38786e-30	7.70699e-33	0.0005	0.17778	
8220	1.96722	3.90282e-06	1.94395e-05	575.251	194.74900000000002	15.774000000000001	162.942	2469.97	0.0316928	0.02967	147.058	0.0833195	4331.58	318.41700000000003	0.43225399999999997	0.179502	6.79988	0.409002	2.5876e-32	9.26802e-31	19.9998	2.3208299999999997e-30	4.18395e-08	7.30393e-08	1.10145e-33	1.6808099999999997e-30	3.24796	0.000897425	5.079559999999999e-32	139.888	31.9467	0.168796	0.8285879999999999	4.7418e-05	0	2.7544299999999997e-33	0.000118496	0	3.14755e-33	3.38788e-30	7.914989999999999e-33	0.0005	0.179502	
8240	1.96722	3.90255e-06	1.94382e-05	574.55	195.45	16.0329	162.533	2469.97	0.031706	0.029079200000000003	147.467	0.08419299999999999	4327.3	322.704	0.436363	0.18120999999999998	6.79988	0.41329499999999997	2.58631e-32	9.26298e-31	19.9998	2.31886e-30	4.1932999999999996e-08	7.32754e-08	1.10242e-33	1.68289e-30	3.1987099999999997	0.000883667	5.00773e-32	140.219	31.9788	0.167979	0.8245889999999999	4.75749e-05	0	2.7574299999999996e-33	0.00011888799999999999	0	3.1395e-33	3.38799e-30	7.891949999999999e-33	0.0005	0.18120999999999998	
8260	1.96722	3.90229e-06	1.9437e-05	573.849	196.15099999999998	16.2934	162.123	2469.97	0.0317189	0.028504500000000002	147.877	0.0850624	4322.97	327.032	0.440439	0.18290399999999998	6.79988	0.417567	2.58417e-32	9.2553e-31	19.9998	2.31692e-30	4.20266e-08	7.35114e-08	1.10348e-33	1.6864199999999997e-30	3.15063	0.000870242	4.937829999999999e-32	140.548	32.0099	0.16716199999999998	0.820592	4.77317e-05	0	2.76052e-33	0.000119281	0	3.0609599999999996e-33	3.38806e-30	7.63757e-33	0.0005	0.18290399999999998	
8280	1.96722	3.90205e-06	1.9435899999999998e-05	573.1469999999999	196.85299999999998	16.5555	161.715	2469.97	0.0317314	0.027945099999999997	148.285	0.08592739999999999	4318.6	331.399	0.444479	0.184583	6.79988	0.42181899999999994	2.58238e-32	9.24885e-31	19.9998	2.31524e-30	4.21201e-08	7.374749999999999e-08	1.1038499999999999e-33	1.68863e-30	3.1036900000000003	0.0008571389999999999	4.8695299999999997e-32	140.877	32.0403	0.166347	0.8165979999999999	4.78885e-05	0	2.76358e-33	0.00011967299999999999	0	3.07803e-33	3.38809e-30	7.70481e-33	0.0005	0.184583	
8300	1.96722	3.901819999999999e-06	1.94348e-05	572.446	197.554	16.8192	161.308	2469.97	0.0317437	0.0274008	148.692	0.0867881	4314.19	335.80699999999996	0.44848299999999997	0.186247	6.79988	0.42604899999999996	2.57987e-32	9.24004e-31	19.9998	2.3132299999999996e-30	4.22138e-08	7.39836e-08	1.1057999999999999e-33	1.68915e-30	3.05785	0.00084435	4.7999599999999995e-32	141.203	32.0699	0.16553199999999998	0.812608	4.80453e-05	0	2.76571e-33	0.000120065	0	3.06723e-33	3.3881199999999994e-30	7.69208e-33	0.0005	0.186247	
8320	1.96722	3.90161e-06	1.94338e-05	571.745	198.255	17.0843	160.901	2469.97	0.031755599999999995	0.0268709	149.099	0.0876441	4309.75	340.25300000000004	0.45245	0.187896	6.79988	0.43025699999999995	2.578e-32	9.233e-31	19.9998	2.3108e-30	4.23074e-08	7.42197e-08	1.10614e-33	1.69049e-30	3.0131	0.000831865	4.7314499999999996e-32	141.528	32.0987	0.164718	0.8086220000000001	4.82021e-05	0	2.76717e-33	0.00012045799999999999	0	3.04557e-33	3.38813e-30	7.67829e-33	0.0005	0.187896	
8340	1.96722	3.9014e-06	1.94328e-05	571.044	198.956	17.3509	160.495	2469.97	0.0317673	0.026355	149.505	0.0884953	4305.26	344.73800000000006	0.456379	0.18953	6.79988	0.43444099999999997	2.69587e-32	9.725759999999999e-31	19.9998	2.5958499999999997e-30	4.2401099999999996e-08	7.44557e-08	1.0711e-33	1.4851499999999998e-30	2.96938	0.000819675	4.694669999999999e-32	141.851	32.1267	0.163905	0.8046409999999999	4.83589e-05	0	2.7881500000000004e-33	0.00012085	0	-2.08696e-33	3.385719999999999e-30	-1.1632399999999999e-32	0.0005	0.18953	
8360	1.96722	3.90121e-06	1.94319e-05	570.3430000000001	199.657	17.619	160.09	2469.97	0.0317786	0.0258526	149.91	0.08934160000000001	4300.74	349.26199999999994	0.46026999999999996	0.191147	6.79988	0.438601	2.63663e-32	9.474700000000001e-31	19.9998	2.4262799999999998e-30	4.24949e-08	7.469180000000001e-08	1.1626199999999998e-33	1.91882e-30	2.9266900000000002	0.000807772	4.640309999999999e-32	142.173	32.154	0.16309300000000002	0.800666	4.85157e-05	0	2.8136899999999995e-33	0.00012124299999999999	0	2.41181e-33	3.3815699999999995e-30	4.06179e-33	0.0005	0.191147	
8380	1.96722	3.90103e-06	1.9430999999999997e-05	569.6419999999999	200.358	17.8885	159.686	2469.97	0.0317897	0.0253634	150.314	0.090183	4296.18	353.824	0.46412200000000003	0.192748	6.79988	0.44273599999999996	3.00347e-32	1.08464e-30	19.9998	2.8558999999999994e-30	4.25887e-08	7.492780000000001e-08	1.3511199999999998e-33	2.35527e-30	2.88498	0.000796148	5.12365e-32	142.493	32.1806	0.16228299999999998	0.796697	4.86725e-05	0	3.20437e-33	0.000121635	0	-4.4552399999999994e-33	3.3733199999999996e-30	-1.0792899999999999e-32	0.0005	0.192748	
8400	1.96722	3.90086e-06	1.94303e-05	568.941	201.05900000000003	18.1594	159.282	2469.97	0.0318005	0.024886900000000003	150.718	0.0910191	4291.58	358.423	0.467934	0.194333	6.79988	0.446846	3.4777999999999996e-32	1.24444e-30	19.9998	3.09794e-30	4.26825e-08	7.516380000000001e-08	1.7980099999999998e-33	3.2905e-30	2.84422	0.000784795	6.44389e-32	142.811	32.2066	0.161474	0.792734	4.8829300000000004e-05	0	4.186109999999999e-33	0.000122027	0	2.59431e-32	3.38394e-30	6.222719999999999e-32	0.0005	0.194333	
8420	1.96722	3.9007e-06	1.94295e-05	568.24	201.76	18.4317	158.879	2469.97	0.031811	0.0244226	151.121	0.09185	4286.94	363.06	0.47170500000000004	0.195901	6.79988	0.45093	3.4755699999999996e-32	1.24452e-30	19.9998	3.1117799999999998e-30	4.27763e-08	7.53999e-08	1.96328e-33	3.349719999999999e-30	2.8044	0.000773704	7.316819999999999e-32	143.128	32.2318	0.160667	0.78878	4.8986099999999995e-05	0	4.7472700000000003e-33	0.00012242	0	1.9656599999999998e-32	3.40297e-30	5.12313e-32	0.0005	0.195901	
8440	1.96722	3.90056e-06	1.9428800000000003e-05	567.54	202.46	18.7054	158.47799999999998	2469.97	0.0318213	0.0239703	151.52200000000002	0.09267539999999999	4282.27	367.73400000000004	0.47543599999999997	0.197451	6.79988	0.454987	3.8978900000000003e-32	1.3952100000000002e-30	19.9998	3.4927999999999995e-30	4.2870200000000004e-08	7.56359e-08	2.9316799999999997e-33	6.287919999999999e-30	2.7654799999999997	0.000762868	9.830199999999999e-32	143.44299999999998	32.2564	0.159861	0.784833	4.91428e-05	0	6.743069999999999e-33	0.000122812	0	2.91688e-32	3.4248599999999995e-30	7.17322e-32	0.0005	0.197451	
8460	1.96722	3.90042e-06	1.9428199999999998e-05	566.839	203.16099999999997	18.9803	158.077	2469.97	0.0318314	0.0235295	151.923	0.09349539999999999	4277.56	372.444	0.479125	0.198985	6.79988	0.45901800000000004	2.1560799999999998e-32	8.33551e-31	19.9998	2.84199e-30	4.29641e-08	7.58719e-08	1.4350199999999998e-33	5.852469999999999e-30	2.72744	0.00075228	2.2902899999999996e-33	143.757	32.2804	0.159057	0.780894	4.92996e-05	0	-1.28992e-33	0.000123204	0	1.05861e-31	3.50291e-30	1.1348699999999999e-31	0.0005	0.198985	
8480	1.96722	3.90029e-06	1.94276e-05	566.139	203.861	19.2566	157.67600000000002	2469.97	0.0318412	0.0230998	152.32399999999998	0.09430980000000001	4272.81	377.191	0.48277200000000003	0.200501	6.79988	0.463021	-1.12382e-31	-4.0220099999999995e-30	19.9998	-1.0675999999999999e-29	4.3057999999999994e-08	7.610800000000001e-08	-1.42024e-33	1.97074e-30	2.69025	0.0007419330000000001	-6.78305e-32	144.069	32.3038	0.158255	0.776965	4.94564e-05	0	-5.163810000000001e-33	0.00012359600000000001	0	7.859399999999999e-31	4.2107599999999996e-30	2.0883599999999997e-30	0.0005	0.200501	
8500	1.96722	3.90017e-06	1.94271e-05	565.439	204.56099999999998	19.5342	157.27700000000002	2469.97	0.0318507	0.022681	152.72299999999998	0.09511839999999999	4268.03	381.973	0.48637700000000006	0.201999	6.79988	0.466996	-3.1467099999999997e-31	-1.1236099999999999e-29	19.9998	-2.7339499999999996e-29	4.3152e-08	7.6344e-08	1.7162099999999997e-33	6.93033e-30	2.65389	0.000731819	1.2604299999999998e-32	144.38	32.3266	0.15745499999999998	0.773045	4.96131e-05	0	9.75731e-34	0.000123989	0	-2.5365599999999996e-30	3.324409999999999e-30	-6.06706e-30	0.0005	0.201999	
8520	1.96722	3.90007e-06	1.94266e-05	564.739	205.261	19.813	156.878	2469.97	0.0318601	0.0222726	153.122	0.0959213	4263.21	386.79	0.489938	0.20348	6.79988	0.470942	-2.31154e-30	-8.21976e-29	19.9998	-1.9659299999999999e-28	4.3246e-08	7.657999999999999e-08	-3.449e-32	-9.707399999999999e-29	2.6183400000000003	0.000721932	-2.14444e-30	144.689	32.3488	0.156657	0.769134	4.976979999999999e-05	0	-1.70884e-31	0.00012438100000000001	0	-8.694099999999999e-30	-2.9062799999999996e-30	-1.58122e-29	0.0005	0.20348	
8540	1.96722	3.8999699999999995e-06	1.94261e-05	564.039	205.96099999999998	20.0931	156.481	2469.97	0.0318692	0.021874400000000002	153.519	0.0967183	4258.36	391.642	0.493457	0.204943	6.79988	0.47486000000000006	-1.8956099999999996e-30	-6.887699999999999e-29	19.9998	-1.8022599999999997e-28	4.3339999999999996e-08	7.6816e-08	-2.0609099999999998e-32	-9.97691e-29	2.58357	0.000712265	-6.7131e-31	144.996	32.3705	0.155861	0.765234	4.99266e-05	0	-2.24722e-32	0.00012477299999999998	0	-6.34422e-30	-7.42534e-30	-8.64645e-30	0.0005	0.204943	
8560	1.96722	3.899880000000001e-06	1.94257e-05	563.339	206.66099999999997	20.3744	156.084	2469.97	0.0318781	0.021486	153.916	0.09750930000000001	4253.47	396.529	0.49693100000000007	0.206387	6.799869999999999	0.47874799999999995	-1.89027e-30	-6.844999999999999e-29	19.9998	-1.80715e-28	4.3434e-08	7.7052e-08	-3.99339e-32	-6.62121e-29	2.54956	0.0007028119999999999	-1.308e-30	145.30200000000002	32.3916	0.155067	0.7613449999999999	5.00833e-05	0	-9.06357e-32	0.000125165	0	-2.0940499999999998e-30	-1.1335099999999999e-29	-6.417419999999999e-30	0.0005	0.206387	
8580	1.96722	3.8997900000000005e-06	1.94253e-05	562.64	207.36	20.6569	155.688	2469.97	0.0318868	0.0211071	154.312	0.0982943	4248.55	401.449	0.500362	0.207814	6.799869999999999	0.48260699999999995	-1.9966499999999998e-30	-7.16171e-29	19.9998	-1.8060999999999998e-28	4.3528099999999997e-08	7.72881e-08	-4.55935e-32	-7.316439999999999e-29	2.51629	0.000693568	-1.51452e-30	145.606	32.4123	0.154276	0.757467	5.02401e-05	0	-1.12584e-31	0.00012555799999999998	0	-1.5084299999999998e-30	-1.35827e-29	-5.72138e-30	0.0005	0.207814	
8600	1.96722	3.89972e-06	1.9425e-05	561.94	208.06	20.9406	155.292	2469.97	0.031895299999999994	0.0207375	154.708	0.0990732	4243.6	406.403	0.503749	0.209222	6.799869999999999	0.486436	-2.0108900000000002e-30	-7.1959e-29	19.9998	-1.79139e-28	4.3622199999999996e-08	7.75241e-08	-4.73146e-32	-7.452959999999999e-29	2.48374	0.000684525	-1.57756e-30	145.909	32.4324	0.15348699999999998	0.7536	5.0396800000000005e-05	0	-1.14021e-31	0.00012595	0	-1.35571e-30	-1.5115299999999998e-29	-4.3154e-30	0.0005	0.209222	
8620	1.96722	3.89965e-06	1.94247e-05	561.241	208.75900000000001	21.2255	154.898	2469.97	0.0319036	0.0203768	155.102	0.0998459	4238.61	411.39099999999996	0.507091	0.21061100000000002	6.799869999999999	0.49023500000000003	-2.0083999999999998e-30	-7.18835e-29	19.9998	-1.7920099999999997e-28	4.371630000000001e-08	7.776010000000001e-08	-4.866219999999999e-32	-7.35718e-29	2.45188	0.000675678	-1.65192e-30	146.21	32.452	0.1527	0.749745	5.05535e-05	0	-1.19587e-31	0.00012634200000000002	0	-1.12269e-30	-1.64014e-29	-3.1516000000000002e-30	0.0005	0.21061100000000002	
8640	1.96722	3.89959e-06	1.94244e-05	560.5419999999999	209.458	21.5115	154.504	2469.97	0.0319117	0.0200248	155.496	0.10061200000000001	4233.59	416.41	0.5103880000000001	0.211982	6.799869999999999	0.49400299999999997	-2.0015e-30	-7.168759999999999e-29	19.9998	-1.7951e-28	4.38104e-08	7.79961e-08	-4.95457e-32	-7.389279999999999e-29	2.4207099999999997	0.000667023	-1.6780900000000002e-30	146.51	32.4711	0.151916	0.7459020000000001	5.0710299999999995e-05	0	-1.2317500000000001e-31	0.00012673399999999998	0	-8.82474e-31	-1.73797e-29	-2.43233e-30	0.0005	0.211982	
8660	1.96722	3.89954e-06	1.94242e-05	559.8430000000001	210.157	21.7987	154.112	2469.97	0.0319196	0.0196813	155.888	0.101373	4228.54	421.463	0.51364	0.21333400000000002	6.799869999999999	0.49773999999999996	-1.5727499999999999e-30	-5.424069999999999e-29	19.9998	-9.74867e-29	4.39046e-08	7.82321e-08	-4.94895e-32	-7.40785e-29	2.39019	0.000658552	-1.67916e-30	146.808	32.4898	0.151135	0.742071	5.0867e-05	0	-1.24346e-31	0.000127126	0	7.8531899999999985e-31	-1.80505e-29	5.1946e-30	0.0005	0.21333400000000002	
8680	1.96722	3.89949e-06	1.9424000000000002e-05	559.144	210.856	22.0869	153.72	2469.97	0.0319273	0.0193458	156.28	0.102127	4223.45	426.546	0.516848	0.21466799999999997	6.799869999999999	0.5014460000000001	-1.27616e-30	-4.52247e-29	19.9998	-1.0651200000000001e-28	4.3998800000000005e-08	7.84681e-08	-4.888409999999999e-32	-7.42292e-29	2.36032	0.000650262	-1.64145e-30	147.10399999999998	32.508	0.150356	0.7382529999999999	5.10237e-05	0	-1.22544e-31	0.00012751899999999998	0	1.0134899999999998e-30	-1.65411e-29	3.47248e-30	0.0005	0.21466799999999997	
8700	1.96722	3.8994499999999996e-06	1.9423800000000002e-05	558.446	211.554	22.3763	153.329	2469.97	0.0319349	0.0190183	156.671	0.10287400000000001	4218.34	431.662	0.520009	0.215982	6.799869999999999	0.505121	-1.20105e-30	-4.28663e-29	19.9998	-1.05165e-28	4.4093e-08	7.87041e-08	-4.8684900000000003e-32	-7.43726e-29	2.33107	0.0006421469999999999	-1.61234e-30	147.399	32.5258	0.14958	0.734449	5.11804e-05	0	-1.2188399999999998e-31	0.000127911	0	8.92496e-31	-1.53874e-29	2.7644499999999998e-30	0.0005	0.215982	
8720	1.96722	3.899419999999999e-06	1.94237e-05	557.747	212.253	22.6667	152.938	2469.97	0.0319423	0.0186985	157.062	0.10361500000000001	4213.19	436.80800000000005	0.523126	0.21727800000000003	6.799869999999999	0.508764	-1.17475e-30	-4.20314e-29	19.9998	-1.04564e-28	4.4187199999999995e-08	7.894010000000001e-08	-4.8627e-32	-7.4513e-29	2.3024299999999998	0.0006342030000000001	-1.58912e-30	147.69299999999998	32.5431	0.148806	0.730657	5.13372e-05	0	-1.21715e-31	0.000128303	0	7.3311099999999994e-31	-1.4525299999999998e-29	2.18143e-30	0.0005	0.21727800000000003	
8740	1.96722	3.8993900000000005e-06	1.9423599999999998e-05	557.049	212.951	22.9582	152.549	2469.97	0.0319495	0.0183861	157.451	0.10435	4208.02	441.98400000000004	0.526197	0.21855500000000003	6.799869999999999	0.512375	-1.16869e-30	-4.1845299999999995e-29	19.9998	-1.04566e-28	4.42814e-08	7.917610000000001e-08	-4.8635e-32	-7.46501e-29	2.27438	0.000626423	-1.56872e-30	147.985	32.5601	0.148036	0.7268789999999999	5.1493900000000005e-05	0	-1.2170099999999998e-31	0.000128695	0	5.72818e-31	-1.38491e-29	1.67627e-30	0.0005	0.21855500000000003	
8760	1.96722	3.89937e-06	1.9423499999999998e-05	556.351	213.649	23.2507	152.16	2469.97	0.031956599999999995	0.018081	157.84	0.10507799999999999	4202.81	447.191	0.529222	0.219813	6.799869999999999	0.515955	-1.16661e-30	-4.17801e-29	19.9998	-1.04551e-28	4.4375700000000003e-08	7.94122e-08	-4.8674e-32	-7.47826e-29	2.2469	0.000618805	-1.54996e-30	148.275	32.5766	0.147268	0.723115	5.16506e-05	0	-1.21766e-31	0.000129087	0	4.39478e-31	-1.33234e-29	1.2784999999999999e-30	0.0005	0.219813	
8780	1.96722	3.89935e-06	1.9423399999999998e-05	555.653	214.347	23.5443	151.773	2469.97	0.0319635	0.0177828	158.227	0.1058	4197.57	452.42699999999996	0.532201	0.22105100000000003	6.799869999999999	0.519502	-1.1654700000000001e-30	-4.1741999999999993e-29	19.9998	-1.04496e-28	4.447e-08	7.96482e-08	-4.8333399999999995e-32	-7.493709999999999e-29	2.21999	0.000611344	-1.53484e-30	148.564	32.5928	0.146503	0.719364	5.1807299999999994e-05	0	-1.2165699999999998e-31	0.000129479	0	3.3540799999999994e-31	-1.2917899999999998e-29	9.72129e-31	0.0005	0.22105100000000003	
8800	1.96722	3.89934e-06	1.9423399999999998e-05	554.956	215.044	23.8389	151.386	2469.97	0.0319703	0.0174915	158.614	0.10651500000000001	4192.31	457.69199999999995	0.535135	0.222271	6.799869999999999	0.523018	-1.1644899999999998e-30	-4.1706899999999996e-29	19.9998	-1.0440999999999998e-28	4.45642e-08	7.98842e-08	-4.88779e-32	-7.50112e-29	2.19361	0.000604034	-1.5159799999999998e-30	148.852	32.6085	0.145741	0.7156279999999999	5.1964e-05	0	-1.2220399999999998e-31	0.000129872	0	2.55878e-31	-1.2607199999999999e-29	7.4199799999999995e-31	0.0005	0.222271	
8820	1.96722	3.8993300000000005e-06	1.9423399999999998e-05	554.259	215.74099999999999	24.1345	151.0	2469.97	0.0319769	0.017206799999999998	159.0	0.107223	4187.01	462.986	0.5380229999999999	0.22347199999999998	6.799869999999999	0.5265	-1.16341e-30	-4.1668599999999994e-29	19.9998	-1.04323e-28	4.4658499999999996e-08	8.01202e-08	-4.84614e-32	-7.516399999999999e-29	2.16777	0.000596873	-1.50121e-30	149.138	32.6239	0.144982	0.711907	5.21208e-05	0	-1.22205e-31	0.000130264	0	1.9248899999999997e-31	-1.2368699999999999e-29	5.57535e-31	0.0005	0.22347199999999998	
8840	1.96722	3.8993300000000005e-06	1.9423399999999998e-05	553.561	216.43900000000002	24.430999999999997	150.615	2469.97	0.0319834	0.0169285	159.385	0.107925	4181.69	468.30699999999996	0.540866	0.224654	6.799869999999999	0.5299510000000001	-1.16287e-30	-4.1649399999999996e-29	19.9998	-1.04277e-28	4.4752900000000005e-08	8.035619999999999e-08	-5.025869999999999e-32	-7.526579999999999e-29	2.14244	0.000589856	-1.4839899999999999e-30	149.422	32.639	0.144226	0.7082	5.22775e-05	0	-1.23001e-31	0.000130656	0	1.44814e-31	-1.21871e-29	4.1999899999999995e-31	0.0005	0.224654	
8860	1.96722	3.8993300000000005e-06	1.9423399999999998e-05	552.865	217.135	24.7286	150.23	2469.97	0.031989699999999996	0.0166565	159.77	0.10862000000000001	4176.34	473.657	0.543662	0.22581700000000002	6.799869999999999	0.533369	-1.16256e-30	-4.1637700000000004e-29	19.9998	-1.04237e-28	4.4847199999999995e-08	8.05922e-08	-4.9025099999999994e-32	-7.53557e-29	2.11761	0.000582979	-1.46626e-30	149.705	32.6537	0.143473	0.704508	5.24342e-05	0	-1.2239999999999999e-31	0.00013104799999999998	0	1.07296e-31	-1.2049e-29	3.12984e-31	0.0005	0.22581700000000002	
8880	1.96722	3.8993300000000005e-06	1.9423399999999998e-05	552.168	217.832	25.0271	149.847	2469.97	0.0319959	0.0163905	160.153	0.10930899999999999	4170.97	479.034	0.546413	0.22696	6.799869999999999	0.536754	-1.1615899999999999e-30	-4.16028e-29	19.9998	-1.0414899999999998e-28	4.4941500000000006e-08	8.082829999999999e-08	-4.9004400000000003e-32	-7.54883e-29	2.09327	0.000576239	-1.4513399999999998e-30	149.987	32.6681	0.142723	0.7008300000000001	5.25909e-05	0	-1.2246299999999998e-31	0.00013144	0	8.119539999999998e-32	-1.1943099999999999e-29	2.38396e-31	0.0005	0.22696	
8900	1.96722	3.89934e-06	1.9423499999999998e-05	551.471	218.52900000000002	25.3266	149.464	2469.97	0.0320019	0.0161304	160.536	0.109991	4165.56	484.43800000000005	0.549118	0.22808499999999998	6.799869999999999	0.540107	-1.1606599999999999e-30	-4.1569499999999995e-29	19.9998	-1.0406499999999999e-28	4.50359e-08	8.10643e-08	-4.9049500000000004e-32	-7.56194e-29	2.06941	0.000569631	-1.43692e-30	150.267	32.6821	0.141976	0.697168	5.27477e-05	0	-1.22666e-31	0.000131832	0	6.14344e-32	-1.18601e-29	1.8099699999999998e-31	0.0005	0.22808499999999998	
8920	1.96722	3.89935e-06	1.9423599999999998e-05	550.775	219.225	25.627	149.082	2469.97	0.0320079	0.015875999999999998	160.918	0.11066600000000001	4160.13	489.86800000000005	0.5517770000000001	0.22919099999999998	6.799869999999999	0.5434260000000001	-1.1595e-30	-4.1527700000000004e-29	19.9998	-1.0394999999999999e-28	4.5130300000000004e-08	8.13003e-08	-4.9122e-32	-7.574899999999999e-29	2.04601	0.000563153	-1.42274e-30	150.545	32.6958	0.141232	0.693521	5.2904399999999994e-05	0	-1.22847e-31	0.000132225	0	4.78085e-32	-1.17946e-29	1.42543e-31	0.0005	0.22919099999999998	
8940	1.96722	3.89937e-06	1.94237e-05	550.0790000000001	219.921	25.9283	148.701	2469.97	0.0320137	0.0156272	161.299	0.11133499999999999	4154.68	495.324	0.554391	0.230278	6.799869999999999	0.546713	-1.1581399999999999e-30	-4.14792e-29	19.9998	-1.03834e-28	4.5224599999999995e-08	8.15363e-08	-4.9194399999999993e-32	-7.58781e-29	2.0230599999999996	0.000556801	-1.40868e-30	150.822	32.7092	0.140492	0.68989	5.30611e-05	0	-1.23023e-31	0.000132617	0	3.68593e-32	-1.17414e-29	1.12039e-31	0.0005	0.230278	
8960	1.96722	3.8993900000000005e-06	1.9423800000000002e-05	549.384	220.61599999999999	26.2306	148.321	2469.97	0.0320194	0.0153838	161.679	0.111997	4149.19	500.806	0.556959	0.231346	6.799869999999999	0.549967	-1.1573e-30	-4.1450200000000004e-29	19.9998	-1.0378e-28	4.5319000000000004e-08	8.17724e-08	-4.92583e-32	-7.600689999999999e-29	2.00054	0.000550571	-1.39483e-30	151.09799999999998	32.7223	0.139754	0.6862739999999999	5.32178e-05	0	-1.23191e-31	0.00013300899999999999	0	2.6332599999999996e-32	-1.1698499999999999e-29	8.07747e-32	0.0005	0.231346	
8980	1.96722	3.89941e-06	1.9423900000000002e-05	548.688	221.312	26.5337	147.942	2469.97	0.0320249	0.015145600000000002	162.058	0.112652	4143.69	506.31199999999995	0.5594819999999999	0.232395	6.799869999999999	0.553189	-1.1566899999999998e-30	-4.14279e-29	19.9998	-1.0372099999999999e-28	4.54134e-08	8.20084e-08	-4.9329e-32	-7.61353e-29	1.9784599999999999	0.000544461	-1.3813499999999999e-30	151.372	32.7351	0.13902	0.682674	5.3374499999999995e-05	0	-1.2335699999999998e-31	0.000133401	0	1.7940799999999998e-32	-1.1665299999999999e-29	5.52192e-32	0.0005	0.232395	
9000	1.96722	3.899430000000001e-06	1.9424000000000002e-05	547.993	222.007	26.8378	147.563	2469.97	0.0320304	0.0149125	162.437	0.1133	4138.16	511.843	0.56196	0.23342600000000002	6.799869999999999	0.556377	-1.1559599999999999e-30	-4.14017e-29	19.9998	-1.03652e-28	4.55078e-08	8.22444e-08	-4.93969e-32	-7.62635e-29	1.9567900000000003	0.0005384669999999999	-1.36808e-30	151.645	32.7476	0.13828900000000002	0.67909	5.35313e-05	0	-1.2352899999999999e-31	0.000133793	0	1.16019e-32	-1.16399e-29	3.68415e-32	0.0005	0.23342600000000002	
9020	1.96722	3.899459999999999e-06	1.94242e-05	547.298	222.702	27.1427	147.186	2469.97	0.0320357	0.0146844	162.814	0.113942	4132.6	517.398	0.564393	0.23443699999999998	6.799869999999999	0.5595319999999999	-1.15616e-30	-4.14093e-29	19.9998	-1.03679e-28	4.560230000000001e-08	8.24805e-08	-4.94689e-32	-7.639129999999999e-29	1.93553	0.000532587	-1.3550899999999997e-30	151.916	32.7599	0.137562	0.675521	5.3688000000000005e-05	0	-1.23702e-31	0.000134186	0	7.308249999999999e-33	-1.1619899999999999e-29	2.39452e-32	0.0005	0.23443699999999998	
9040	1.96722	3.89949e-06	1.94243e-05	546.6030000000001	223.39700000000002	27.4485	146.809	2469.97	0.0320409	0.0144611	163.191	0.114577	4127.02	522.977	0.5667810000000001	0.23543000000000003	6.799869999999999	0.562655	-1.15603e-30	-4.14045e-29	19.9998	-1.0366299999999998e-28	4.569669999999999e-08	8.27165e-08	-4.95403e-32	-7.65188e-29	1.91467	0.000526817	-1.34237e-30	152.186	32.7718	0.13683800000000002	0.6719689999999999	5.38447e-05	0	-1.23876e-31	0.000134578	0	2.62332e-33	-1.16047e-29	1.11252e-32	0.0005	0.23543000000000003	
9060	1.96722	3.89952e-06	1.94245e-05	545.909	224.09099999999998	27.7551	146.433	2469.97	0.032046	0.014242600000000001	163.567	0.11520599999999999	4121.42	528.58	0.569124	0.23640500000000003	6.799860000000001	0.5657449999999999	-1.15545e-30	-4.13827e-29	19.9998	-1.0358999999999999e-28	4.57911e-08	8.29526e-08	-4.957269999999999e-32	-7.664649999999999e-29	1.89419	0.000521154	-1.3299999999999999e-30	152.455	32.7835	0.13611700000000002	0.668432	5.40014e-05	0	-1.24038e-31	0.00013497	0	1.3601599999999999e-33	-1.15923e-29	7.993259999999999e-33	0.0005	0.23640500000000003	
9080	1.96722	3.89956e-06	1.94247e-05	545.214	224.78599999999997	28.0626	146.058	2469.97	0.032050999999999996	0.0140285	163.942	0.115827	4115.8	534.205	0.571422	0.23736	6.799860000000001	0.568802	-1.1543899999999998e-30	-4.13453e-29	19.9998	-1.03506e-28	4.58856e-08	8.318860000000001e-08	-4.95927e-32	-7.677439999999999e-29	1.8740900000000003	0.000515596	-1.319e-30	152.722	32.795	0.135399	0.664912	5.41582e-05	0	-1.2410799999999999e-31	0.000135362	0	-1.02182e-33	-1.15817e-29	8.41712e-34	0.0005	0.23736	
9100	1.96722	3.89959e-06	1.94249e-05	544.52	225.48	28.371	145.684	2469.97	0.032055900000000005	0.013819	164.31599999999997	0.116443	4110.15	539.852	0.5736760000000001	0.238298	6.799860000000001	0.5718260000000001	-1.1534499999999999e-30	-4.1311499999999996e-29	19.9998	-1.03417e-28	4.598e-08	8.34247e-08	-4.937130000000001e-32	-7.68802e-29	1.85435	0.000510141	-1.3099200000000002e-30	152.987	32.8062	0.134684	0.661408	5.43149e-05	0	-1.2407299999999998e-31	0.000135754	0	-3.621599999999999e-33	-1.1573699999999999e-29	-5.83031e-33	0.0005	0.238298	
9120	1.96722	3.89963e-06	1.94251e-05	543.827	226.173	28.6801	145.31	2469.97	0.032060700000000004	0.0136138	164.69	0.117051	4104.48	545.5219999999999	0.5758850000000001	0.239217	6.799860000000001	0.574817	-1.15251e-30	-4.1277899999999996e-29	19.9998	-1.03336e-28	4.60745e-08	8.366070000000001e-08	-4.98084e-32	-7.71385e-29	1.8349799999999998	0.000504785	-1.30462e-30	153.252	32.8171	0.133973	0.65792	5.4471599999999995e-05	0	-1.23992e-31	0.000136147	0	-4.85831e-33	-1.1567199999999999e-29	-1.0667799999999997e-32	0.0005	0.239217	
9140	1.96722	3.89967e-06	1.94253e-05	543.133	226.86700000000002	28.9901	144.938	2469.97	0.0320655	0.013412700000000001	165.062	0.117653	4098.79	551.212	0.578051	0.240117	6.799860000000001	0.577775	-1.15179e-30	-4.1253e-29	19.9998	-1.03291e-28	4.6168899999999996e-08	8.38968e-08	-5.00087e-32	-7.756829999999999e-29	1.81595	0.000499526	-1.29726e-30	153.515	32.8279	0.133266	0.654449	5.46284e-05	0	-1.24578e-31	0.000136539	0	-6.64988e-33	-1.15628e-29	-1.5628899999999997e-32	0.0005	0.240117	
9160	1.96722	3.89972e-06	1.94255e-05	542.44	227.56	29.3009	144.566	2469.97	0.0320701	0.013215799999999998	165.43400000000003	0.118248	4093.08	556.924	0.5801729999999999	0.24100000000000002	6.799860000000001	0.580701	-1.15096e-30	-4.12227e-29	19.9998	-1.0320399999999998e-28	4.62634e-08	8.41328e-08	-5.036269999999999e-32	-7.772329999999999e-29	1.7972599999999999	0.0004943619999999999	-1.2840399999999998e-30	153.776	32.8383	0.13256099999999998	0.650994	5.4785100000000005e-05	0	-1.25497e-31	0.000136931	0	-8.37077e-33	-1.15601e-29	-2.0300700000000002e-32	0.0005	0.24100000000000002	
9180	1.96722	3.89976e-06	1.94257e-05	541.747	228.253	29.6125	144.195	2469.97	0.032074599999999995	0.013022899999999999	165.805	0.11883599999999998	4087.34	562.6569999999999	0.5822510000000001	0.241864	6.799860000000001	0.583595	-1.1500499999999999e-30	-4.118979999999999e-29	19.9998	-1.0311899999999999e-28	4.63579e-08	8.43689e-08	-5.03748e-32	-7.77852e-29	1.7789	0.00048929	-1.2709299999999998e-30	154.036	32.8486	0.13186099999999998	0.647556	5.4941899999999997e-05	0	-1.2574899999999998e-31	0.00013732299999999999	0	-9.065649999999999e-33	-1.1558399999999998e-29	-2.2150299999999998e-32	0.0005	0.241864	
9200	1.96722	3.89981e-06	1.9426e-05	541.054	228.946	29.9249	143.825	2469.97	0.032079	0.0128339	166.175	0.11941800000000001	4081.59	568.41	0.584285	0.24270999999999998	6.799860000000001	0.5864550000000001	-1.14921e-30	-4.11593e-29	19.9998	-1.0303599999999999e-28	4.64524e-08	8.4605e-08	-5.04727e-32	-7.802729999999999e-29	1.7608700000000002	0.000484308	-1.2606e-30	154.295	32.8586	0.131163	0.644134	5.5098599999999995e-05	0	-1.2592299999999998e-31	0.000137715	0	-8.946669999999999e-33	-1.15568e-29	-2.2557299999999997e-32	0.0005	0.24270999999999998	
9220	1.96722	3.8998500000000004e-06	1.94262e-05	540.362	229.638	30.238000000000003	143.45600000000002	2469.97	0.0320834	0.012648600000000001	166.544	0.119993	4075.82	574.182	0.586277	0.243538	6.799860000000001	0.589284	-1.14836e-30	-4.1129099999999995e-29	19.9998	-1.02965e-28	4.654690000000001e-08	8.484110000000002e-08	-5.03873e-32	-7.82069e-29	1.7431599999999998	0.000479414	-1.2495e-30	154.55200000000002	32.8685	0.130469	0.640728	5.52553e-05	0	-1.2624099999999999e-31	0.00013810799999999999	0	-9.566979999999999e-33	-1.1555799999999999e-29	-2.3794499999999996e-32	0.0005	0.243538	
9240	1.96722	3.8999e-06	1.94264e-05	539.67	230.33	30.552	143.08700000000002	2469.97	0.0320876	0.012467	166.91299999999998	0.12056199999999999	4070.03	579.974	0.588225	0.24434899999999998	6.799860000000001	0.59208	-1.14756e-30	-4.11005e-29	19.9998	-1.0289399999999998e-28	4.6641399999999996e-08	8.507710000000001e-08	-4.98411e-32	-7.838989999999999e-29	1.72575	0.000474606	-1.2419599999999999e-30	154.808	32.8781	0.129778	0.63734	5.54121e-05	0	-1.2619000000000001e-31	0.0001385	0	-1.00916e-32	-1.1555299999999998e-29	-2.52918e-32	0.0005	0.24434899999999998	
9260	1.96722	3.89995e-06	1.94267e-05	538.9780000000001	231.02200000000002	30.8667	142.72	2469.97	0.032091800000000004	0.0122891	167.28	0.121124	4064.21	585.785	0.5901310000000001	0.245142	6.799860000000001	0.594843	-1.14671e-30	-4.1069899999999996e-29	19.9998	-1.02815e-28	4.67359e-08	8.531319999999999e-08	-5.078230000000001e-32	-7.855649999999999e-29	1.7086400000000002	0.00046988199999999997	-1.2302799999999998e-30	155.063	32.8875	0.129091	0.6339670000000001	5.55688e-05	0	-1.26873e-31	0.000138892	0	-1.09862e-32	-1.15554e-29	-2.73925e-32	0.0005	0.245142	
9280	1.96722	3.9e-06	1.9427e-05	538.286	231.71400000000003	31.1822	142.35299999999998	2469.97	0.032095900000000004	0.0121146	167.64700000000002	0.12168	4058.39	591.614	0.5919939999999999	0.245917	6.799860000000001	0.597575	-1.14582e-30	-4.1038e-29	19.9998	-1.0273299999999998e-28	4.68304e-08	8.554930000000001e-08	-5.09579e-32	-7.87204e-29	1.69183	0.00046524	-1.21532e-30	155.316	32.8967	0.128407	0.630612	5.572560000000001e-05	0	-1.27231e-31	0.000139284	0	-1.10162e-32	-1.1555999999999998e-29	-2.77769e-32	0.0005	0.245917	
9300	1.96722	3.90005e-06	1.94272e-05	537.595	232.405	31.4984	141.987	2469.97	0.0320999	0.0119436	168.013	0.12222899999999999	4052.54	597.462	0.593815	0.24667399999999998	6.799860000000001	0.600274	-1.14479e-30	-4.100109999999999e-29	19.9998	-1.02641e-28	4.69249e-08	8.57854e-08	-5.104069999999999e-32	-7.882949999999999e-29	1.6753	0.000460677	-1.2032799999999999e-30	155.56799999999998	32.9058	0.127726	0.627273	5.58823e-05	0	-1.2727199999999999e-31	0.000139677	0	-1.1402099999999999e-32	-1.15568e-29	-2.935e-32	0.0005	0.24667399999999998	
9320	1.96722	3.9001e-06	1.94275e-05	536.904	233.09599999999998	31.8153	141.622	2469.97	0.0321038	0.0117758	168.378	0.122771	4046.67	603.327	0.595595	0.247414	6.799860000000001	0.602942	-1.14372e-30	-4.0962799999999996e-29	19.9998	-1.02544e-28	4.701940000000001e-08	8.60215e-08	-5.05544e-32	-7.88565e-29	1.6590599999999998	0.00045619199999999996	-1.18584e-30	155.819	32.9146	0.127049	0.623951	5.60391e-05	0	-1.2770099999999998e-31	0.000140069	0	-1.2688999999999998e-32	-1.1558499999999999e-29	-3.40183e-32	0.0005	0.247414	
9340	1.96722	3.900159999999999e-06	1.94277e-05	536.214	233.78599999999997	32.133	141.25799999999998	2469.97	0.0321077	0.0116114	168.74200000000002	0.123307	4040.79	609.21	0.597332	0.248137	6.799860000000001	0.605577	-1.1428e-30	-4.0930199999999995e-29	19.9998	-1.02467e-28	4.7113899999999995e-08	8.62575e-08	-5.128149999999999e-32	-7.87289e-29	1.6430900000000002	0.00045178300000000003	-1.1701e-30	156.06799999999998	32.9232	0.126375	0.620645	5.61958e-05	0	-1.28008e-31	0.000140461	0	-1.5276199999999998e-32	-1.15623e-29	-4.07903e-32	0.0005	0.248137	
9360	1.96722	3.900209999999999e-06	1.9428e-05	535.523	234.477	32.4515	140.895	2469.97	0.0321115	0.01145	169.105	0.12383699999999999	4034.89	615.109	0.599028	0.24884299999999998	6.799860000000001	0.6081810000000001	-1.1418299999999999e-30	-4.08958e-29	19.9998	-1.0238499999999998e-28	4.72084e-08	8.64936e-08	-5.06793e-32	-7.863919999999999e-29	1.6273799999999998	0.00044744800000000003	-1.1629e-30	156.316	32.9317	0.12570499999999998	0.6173569999999999	5.63526e-05	0	-1.2680199999999998e-31	0.000140853	0	-1.4730199999999999e-32	-1.15668e-29	-3.98069e-32	0.0005	0.24884299999999998	
9380	1.96722	3.90026e-06	1.9428299999999998e-05	534.8330000000001	235.167	32.7706	140.532	2469.97	0.032115199999999997	0.0112918	169.468	0.12435999999999998	4028.98	621.025	0.600683	0.249531	6.799860000000001	0.610753	-1.1409299999999998e-30	-4.0863e-29	19.9998	-1.0229299999999998e-28	4.7303e-08	8.67297e-08	-5.066919999999999e-32	-7.87334e-29	1.61194	0.000443186	-1.1543399999999998e-30	156.563	32.94	0.125038	0.614085	5.6509300000000005e-05	0	-1.2678499999999998e-31	0.000141246	0	-1.36394e-32	-1.1570899999999999e-29	-3.5084599999999997e-32	0.0005	0.249531	
9400	1.96722	3.9003199999999994e-06	1.94286e-05	534.143	235.857	33.0904	140.171	2469.97	0.032118799999999996	0.0111366	169.829	0.124877	4023.04	626.956	0.602298	0.250203	6.799860000000001	0.613294	-1.14016e-30	-4.08359e-29	19.9998	-1.0223799999999998e-28	4.73975e-08	8.696580000000001e-08	-5.05983e-32	-7.873069999999999e-29	1.59675	0.000438995	-1.1413600000000001e-30	156.808	32.9481	0.124375	0.610829	5.6666099999999996e-05	0	-1.2708099999999998e-31	0.000141638	0	-1.32534e-32	-1.15739e-29	-3.42364e-32	0.0005	0.250203	
9420	1.96722	3.9003699999999996e-06	1.9428800000000003e-05	533.4540000000001	236.546	33.411	139.81	2469.97	0.0321224	0.010984299999999999	170.19	0.125387	4017.1	632.904	0.6038720000000001	0.250857	6.799860000000001	0.615803	-1.13932e-30	-4.08053e-29	19.9998	-1.0215e-28	4.7492e-08	8.7202e-08	-5.09215e-32	-7.859119999999999e-29	1.58181	0.000434873	-1.1282700000000001e-30	157.05200000000002	32.9561	0.123715	0.607591	5.68229e-05	0	-1.2716e-31	0.00014203	0	-1.2381599999999998e-32	-1.15763e-29	-3.18784e-32	0.0005	0.250857	
9440	1.96722	3.90043e-06	1.94291e-05	532.764	237.236	33.7323	139.45	2469.97	0.0321259	0.0108348	170.55	0.125891	4011.13	638.867	0.605405	0.25149499999999997	6.799860000000001	0.6182810000000001	-1.13866e-30	-4.07819e-29	19.9998	-1.02099e-28	4.75866e-08	8.74381e-08	-5.07242e-32	-7.856739999999999e-29	1.56712	0.000430818	-1.1128399999999999e-30	157.295	32.9639	0.12305799999999999	0.6043689999999999	5.69796e-05	0	-1.27161e-31	0.000142422	0	-1.1038399999999998e-32	-1.15778e-29	-2.65994e-32	0.0005	0.25149499999999997	
9460	1.96722	3.90049e-06	1.94294e-05	532.076	237.924	34.0542	139.091	2469.97	0.0321294	0.0106882	170.90900000000002	0.126389	4005.16	644.844	0.606899	0.252117	6.799860000000001	0.620728	-1.1379299999999999e-30	-4.07553e-29	19.9998	-1.0202499999999999e-28	4.76811e-08	8.767419999999999e-08	-5.059069999999999e-32	-7.86525e-29	1.55266	0.00042683	-1.10795e-30	157.536	32.9715	0.122405	0.601163	5.7136400000000004e-05	0	-1.26557e-31	0.000142815	0	-1.0067399999999999e-32	-1.1577599999999999e-29	-2.56753e-32	0.0005	0.252117	
9480	1.96722	3.9005400000000004e-06	1.94297e-05	531.387	238.613	34.3769	138.732	2469.97	0.0321327	0.0105443	171.268	0.12688	3999.16	650.836	0.6083529999999999	0.252722	6.799860000000001	0.6231439999999999	-1.13706e-30	-4.07244e-29	19.9998	-1.0195e-28	4.77756e-08	8.791030000000001e-08	-5.068869999999999e-32	-7.87702e-29	1.53844	0.00042290599999999997	-1.10122e-30	157.776	32.979	0.121755	0.597975	5.7293199999999996e-05	0	-1.26719e-31	0.000143207	0	-9.86814e-33	-1.1577299999999999e-29	-2.4140599999999995e-32	0.0005	0.252722	
9500	1.96722	3.9006e-06	1.943e-05	530.6990000000001	239.301	34.7002	138.375	2469.97	0.032136	0.010403	171.625	0.127365	3993.16	656.8430000000001	0.609768	0.25331	6.799860000000001	0.62553	-1.13626e-30	-4.06959e-29	19.9998	-1.01881e-28	4.78702e-08	8.81464e-08	-5.077889999999999e-32	-7.889219999999999e-29	1.52444	0.000419045	-1.09361e-30	158.015	32.9864	0.121109	0.594803	5.74499e-05	0	-1.26968e-31	0.000143599	0	-1.0510999999999998e-32	-1.1577e-29	-2.64813e-32	0.0005	0.25331	
9520	1.96722	3.9006599999999995e-06	1.94303e-05	530.011	239.989	35.0242	138.018	2469.97	0.032139299999999996	0.0102644	171.982	0.127844	3987.14	662.862	0.611143	0.25388299999999997	6.799860000000001	0.627884	-1.1354099999999999e-30	-4.06652e-29	19.9998	-1.01801e-28	4.79647e-08	8.83825e-08	-5.085839999999999e-32	-7.901299999999999e-29	1.5106700000000002	0.000415246	-1.0856599999999999e-30	158.253	32.9936	0.120466	0.591647	5.76067e-05	0	-1.2717199999999999e-31	0.000143992	0	-8.9797e-33	-1.15765e-29	-2.0771599999999995e-32	0.0005	0.25388299999999997	
9540	1.96722	3.90071e-06	1.94305e-05	529.323	240.67700000000002	35.3488	137.662	2469.97	0.032142500000000004	0.010128299999999998	172.338	0.12831700000000001	3981.1	668.8960000000001	0.61248	0.25443899999999997	6.799860000000001	0.630208	-1.13469e-30	-4.0639799999999997e-29	19.9998	-1.01741e-28	4.8059300000000003e-08	8.861869999999999e-08	-5.0929e-32	-7.91337e-29	1.49712	0.000411507	-1.0775e-30	158.489	33.0006	0.119826	0.5885090000000001	5.7763500000000004e-05	0	-1.27358e-31	0.000144384	0	-1.0093799999999999e-32	-1.1574899999999999e-29	-2.63859e-32	0.0005	0.25443899999999997	
9560	1.96722	3.90077e-06	1.94308e-05	528.635	241.365	35.6741	137.30700000000002	2469.97	0.032145599999999996	0.0099946	172.69299999999998	0.12878299999999998	3975.06	674.942	0.613779	0.254979	6.799860000000001	0.632501	-1.1341e-30	-4.0619e-29	19.9998	-1.0169899999999998e-28	4.8153800000000005e-08	8.885480000000001e-08	-5.100089999999999e-32	-7.92545e-29	1.48377	0.00040782800000000005	-1.0694e-30	158.724	33.0075	0.11919	0.585386	5.7920299999999995e-05	0	-1.2753599999999999e-31	0.000144776	0	-8.13915e-33	-1.1573800000000001e-29	-1.9440099999999996e-32	0.0005	0.254979	
9580	1.96722	3.90083e-06	1.9431099999999998e-05	527.948	242.05200000000002	36.0001	136.953	2469.97	0.0321487	0.00986336	173.047	0.129243	3969.0	681.0	0.6150399999999999	0.255504	6.79985	0.6347649999999999	-1.1333e-30	-4.05897e-29	19.9998	-1.01609e-28	4.82484e-08	8.90909e-08	-5.106929999999999e-32	-7.93752e-29	1.47064	0.000404206	-1.06131e-30	158.958	33.0143	0.118557	0.582281	5.8077e-05	0	-1.27711e-31	0.000145169	0	-9.28358e-33	-1.1572299999999999e-29	-2.21544e-32	0.0005	0.255504	
9600	1.96722	3.90089e-06	1.94314e-05	527.262	242.738	36.3267	136.6	2469.97	0.0321517	0.00973449	173.4	0.129697	3962.93	687.071	0.616263	0.256013	6.79985	0.636998	-1.13186e-30	-4.05382e-29	19.9998	-1.01482e-28	4.83429e-08	8.93271e-08	-5.11367e-32	-7.94957e-29	1.45771	0.00040064	-1.0533e-30	159.191	33.0209	0.11792799999999999	0.579192	5.82338e-05	0	-1.2788e-31	0.000145561	0	-8.41286e-33	-1.1570599999999999e-29	-1.9400400000000002e-32	0.0005	0.256013	
9620	1.96722	3.90095e-06	1.9431700000000002e-05	526.575	243.425	36.654	136.247	2469.97	0.0321547	0.00960791	173.753	0.130145	3956.85	693.154	0.617448	0.256506	6.79985	0.639201	-1.13079e-30	-4.0499499999999996e-29	19.9998	-1.01383e-28	4.84375e-08	8.95632e-08	-5.12015e-32	-7.9616e-29	1.44498	0.00039713	-1.04541e-30	159.422	33.0274	0.117302	0.5761189999999999	5.83906e-05	0	-1.28045e-31	0.000145953	0	-6.981279999999999e-33	-1.1568099999999998e-29	-1.38807e-32	0.0005	0.256506	
9640	1.96722	3.9010000000000004e-06	1.9432e-05	525.889	244.111	36.9819	135.895	2469.97	0.032157599999999995	0.00948359	174.105	0.13058699999999998	3950.75	699.248	0.618596	0.256984	6.79985	0.641374	-1.12959e-30	-4.04561e-29	19.9998	-1.01267e-28	4.8532e-08	8.97993e-08	-5.12679e-32	-7.9736e-29	1.43244	0.00039367300000000004	-1.03762e-30	159.65200000000002	33.0338	0.11667899999999999	0.573063	5.8547399999999994e-05	0	-1.2821300000000001e-31	0.000146346	0	-5.9136399999999995e-33	-1.1563399999999998e-29	-1.24296e-32	0.0005	0.256984	
9660	1.96722	3.9010599999999995e-06	1.94323e-05	525.203	244.797	37.3104	135.54399999999998	2469.97	0.032160400000000006	0.00936147	174.456	0.131023	3944.65	705.3530000000001	0.619708	0.257446	6.79985	0.643518	-1.12812e-30	-4.0404299999999995e-29	19.9998	-1.0115e-28	4.86266e-08	9.003550000000001e-08	-5.13329e-32	-7.98559e-29	1.4201	0.00039027	-1.02992e-30	159.881	33.04	0.11606	0.570023	5.87042e-05	0	-1.28376e-31	0.000146738	0	-4.46731e-33	-1.1558299999999999e-29	-7.941709999999999e-33	0.0005	0.257446	
9680	1.96722	3.9011199999999995e-06	1.94326e-05	524.518	245.482	37.6396	135.194	2469.97	0.0321632	0.009241500000000001	174.80599999999998	0.131453	3938.53	711.4689999999999	0.620783	0.257894	6.79985	0.645633	-1.12696e-30	-4.0362699999999995e-29	19.9998	-1.0104799999999998e-28	4.87211e-08	9.027160000000001e-08	-5.13631e-32	-7.98008e-29	1.40794	0.00038691800000000004	-1.02177e-30	160.109	33.0461	0.115444	0.5670000000000001	5.8861000000000004e-05	0	-1.28495e-31	0.00014713	0	-5.519029999999999e-33	-1.15524e-29	-1.24916e-32	0.0005	0.257894	
9700	1.96722	3.90118e-06	1.94328e-05	523.8330000000001	246.167	37.9693	134.845	2469.97	0.032166	0.00912362	175.155	0.131877	3932.4	717.596	0.621822	0.258326	6.79985	0.647718	-1.12617e-30	-4.0334299999999996e-29	19.9998	-1.0097299999999998e-28	4.88157e-08	9.05078e-08	-5.15103e-32	-7.99201e-29	1.39596	0.000383617	-1.01072e-30	160.335	33.0521	0.11483099999999999	0.5639930000000001	5.9017799999999996e-05	0	-1.2870399999999999e-31	0.000147523	0	-6.985239999999998e-33	-1.1548199999999999e-29	-1.67215e-32	0.0005	0.258326	
9720	1.96722	3.9012300000000004e-06	1.94331e-05	523.148	246.852	38.2997	134.496	2469.97	0.0321687	0.009007799999999998	175.50400000000002	0.132296	3926.27	723.732	0.622826	0.25874400000000003	6.79985	0.649774	-1.12542e-30	-4.0307499999999996e-29	19.9998	-1.0090799999999998e-28	4.8910200000000003e-08	9.074389999999999e-08	-5.14399e-32	-7.9896e-29	1.3841700000000001	0.000380366	-1.0010999999999999e-30	160.561	33.058	0.114221	0.561002	5.91746e-05	0	-1.28681e-31	0.000147915	0	-8.18585e-33	-1.1545199999999999e-29	-2.1855e-32	0.0005	0.25874400000000003	
9740	1.96722	3.90129e-06	1.94334e-05	522.4630000000001	247.537	38.6307	134.149	2469.97	0.0321713	0.00889399	175.851	0.132708	3920.12	729.878	0.623794	0.25914699999999996	6.79985	0.6518010000000001	-1.1245299999999998e-30	-4.02758e-29	19.9998	-1.0082799999999999e-28	4.90048e-08	9.09801e-08	-5.12863e-32	-7.990329999999999e-29	1.37255	0.000377163	-9.91147e-31	160.785	33.0638	0.11361500000000001	0.558028	5.9331400000000006e-05	0	-1.2863899999999998e-31	0.000148307	0	-9.37816e-33	-1.15443e-29	-2.3439099999999995e-32	0.0005	0.25914699999999996	
9760	1.96722	3.9013499999999995e-06	1.94337e-05	521.779	248.22099999999998	38.9623	133.80200000000002	2469.97	0.032173900000000005	0.00878214	176.19799999999998	0.133114	3913.97	736.033	0.624726	0.259535	6.79985	0.653799	-1.1236799999999998e-30	-4.02452e-29	19.9998	-1.0075299999999998e-28	4.90993e-08	9.121629999999999e-08	-5.1351e-32	-7.988399999999999e-29	1.3611	0.000374007	-9.80838e-31	161.00799999999998	33.0694	0.11301300000000002	0.5550689999999999	5.94882e-05	0	-1.28665e-31	0.00014869999999999998	0	-9.625679999999999e-33	-1.1543499999999999e-29	-2.32452e-32	0.0005	0.259535	
9780	1.96722	3.9014e-06	1.9434e-05	521.095	248.905	39.2945	133.45600000000002	2469.97	0.0321765	0.008672200000000001	176.544	0.13351500000000002	3907.8	742.197	0.625624	0.259909	6.79985	0.655768	-1.12286e-30	-4.02153e-29	19.9998	-1.00667e-28	4.91939e-08	9.14524e-08	-5.12924e-32	-7.99532e-29	1.34982	0.00037089800000000004	-9.69505e-31	161.22899999999998	33.075	0.11241300000000001	0.552127	5.9645e-05	0	-1.28825e-31	0.000149092	0	-9.885639999999998e-33	-1.1542699999999999e-29	-2.3000099999999997e-32	0.0005	0.259909	
9800	1.96722	3.9014599999999996e-06	1.94343e-05	520.4119999999999	249.588	39.6273	133.111	2469.97	0.032179	0.00856414	176.889	0.133909	3901.63	748.37	0.626488	0.260268	6.79985	0.657709	-1.12192e-30	-4.0182199999999996e-29	19.9998	-1.0059099999999999e-28	4.92885e-08	9.16886e-08	-5.13096e-32	-8.00593e-29	1.3387	0.000367835	-9.68422e-31	161.45	33.0804	0.11181700000000001	0.549201	5.98018e-05	0	-1.28381e-31	0.000149484	0	-9.066709999999998e-33	-1.15418e-29	-2.02354e-32	0.0005	0.260268	
9820	1.96722	3.9015199999999995e-06	1.9434500000000002e-05	519.7280000000001	250.27200000000002	39.9607	132.766	2469.97	0.0321815	0.00845792	177.234	0.134298	3895.45	754.552	0.627317	0.260614	6.79985	0.659622	-1.1208499999999999e-30	-4.01438e-29	19.9998	-1.0049799999999999e-28	4.9383e-08	9.19248e-08	-5.14346e-32	-8.01702e-29	1.32775	0.000364816	-9.63739e-31	161.66899999999998	33.0858	0.111224	0.546291	5.99586e-05	0	-1.28564e-31	0.000149877	0	-8.736229999999999e-33	-1.15398e-29	-2.13775e-32	0.0005	0.260614	
9840	1.96722	3.90157e-06	1.94348e-05	519.0459999999999	250.954	40.2947	132.423	2469.97	0.0321839	0.00835349	177.577	0.134682	3889.26	760.7410000000001	0.628113	0.260945	6.79985	0.661507	-1.11992e-30	-4.0109899999999997e-29	19.9998	-1.0040299999999998e-28	4.94776e-08	9.216100000000001e-08	-5.15239e-32	-8.028779999999999e-29	1.31695	0.000361841	-9.579179999999999e-31	161.888	33.091	0.110635	0.543397	6.01154e-05	0	-1.28825e-31	0.000150269	0	-9.998319999999999e-33	-1.15388e-29	-2.5254899999999997e-32	0.0005	0.260945	
9860	1.96722	3.9016300000000005e-06	1.94351e-05	518.363	251.637	40.6292	132.08	2469.97	0.0321863	0.00825081	177.92	0.13505899999999998	3883.06	766.938	0.628875	0.261262	6.79985	0.6633640000000001	-1.1186699999999999e-30	-4.00657e-29	19.9998	-1.0029799999999999e-28	4.95721e-08	9.239710000000001e-08	-5.16003e-32	-8.04055e-29	1.30631	0.000358908	-9.51774e-31	162.105	33.0961	0.110048	0.540519	6.02722e-05	0	-1.2903299999999998e-31	0.000150662	0	-9.52284e-33	-1.1538399999999999e-29	-2.33e-32	0.0005	0.261262	
9880	1.96722	3.90168e-06	1.94354e-05	517.681	252.31900000000002	40.9643	131.738	2469.97	0.0321886	0.00814985	178.262	0.135431	3876.86	773.1419999999999	0.6296039999999999	0.26156599999999997	6.79985	0.665193	-1.1176100000000001e-30	-4.00276e-29	19.9998	-1.0019999999999999e-28	4.9666699999999994e-08	9.26333e-08	-5.166919999999999e-32	-8.05227e-29	1.29582	0.00035601800000000005	-9.455039999999999e-31	162.32	33.1012	0.109465	0.5376569999999999	6.0428999999999994e-05	0	-1.2921099999999998e-31	0.000151054	0	-9.563309999999999e-33	-1.1537699999999999e-29	-2.42225e-32	0.0005	0.26156599999999997	
9900	1.96722	3.9017400000000005e-06	1.94356e-05	516.999	253.00099999999998	41.3	131.39700000000002	2469.97	0.0321909	0.00805056	178.60299999999998	0.135797	3870.65	779.3530000000001	0.6303	0.261856	6.79985	0.666994	-1.1165e-30	-3.9988e-29	19.9998	-1.00106e-28	4.9761199999999996e-08	9.28695e-08	-5.17362e-32	-8.06399e-29	1.28548	0.000353169	-9.392059999999998e-31	162.535	33.1061	0.108885	0.53481	6.05859e-05	0	-1.29381e-31	0.000151446	0	-1.0200100000000001e-32	-1.1537799999999999e-29	-2.48106e-32	0.0005	0.261856	
9920	1.96722	3.901790000000001e-06	1.9435899999999998e-05	516.317	253.683	41.6363	131.05700000000002	2469.97	0.0321932	0.00795293	178.94299999999998	0.136158	3864.43	785.571	0.6309640000000001	0.26213200000000003	6.79985	0.668768	-1.1154899999999999e-30	-3.99519e-29	19.9998	-1.0001299999999999e-28	4.985580000000001e-08	9.31057e-08	-5.18032e-32	-8.0757e-29	1.27528	0.00035036	-9.32948e-31	162.749	33.1109	0.10830899999999999	0.53198	6.0742700000000004e-05	0	-1.2955e-31	0.000151839	0	-9.97509e-33	-1.15373e-29	-2.4372199999999997e-32	0.0005	0.26213200000000003	
9940	1.96722	3.90184e-06	1.94362e-05	515.636	254.364	41.9731	130.717	2469.97	0.0321954	0.0078569	179.283	0.13651300000000002	3858.21	791.795	0.631596	0.262396	6.79985	0.670515	-1.1145399999999998e-30	-3.99178e-29	19.9998	-9.99311e-29	4.99504e-08	9.33419e-08	-5.18688e-32	-8.0874e-29	1.2652299999999999	0.00034759099999999996	-9.26752e-31	162.961	33.1157	0.107735	0.529165	6.0899499999999995e-05	0	-1.29715e-31	0.000152231	0	-9.20061e-33	-1.15368e-29	-2.09173e-32	0.0005	0.262396	
9960	1.96722	3.9019e-06	1.9436400000000002e-05	514.955	255.045	42.3105	130.378	2469.97	0.0321976	0.00776244	179.622	0.136863	3851.98	798.025	0.632196	0.26264499999999996	6.79985	0.672235	-1.1946700000000001e-30	-4.2803199999999996e-29	19.9998	-1.07226e-28	5.0044900000000004e-08	9.357810000000001e-08	-5.20817e-32	-8.09926e-29	1.25532	0.00034486	-9.21546e-31	163.173	33.1203	0.10716500000000001	0.526366	6.10563e-05	0	-1.30044e-31	0.000152624	0	4.28129e-31	-1.13802e-29	1.21767e-30	0.0005	0.26264499999999996	
9980	1.96722	3.90195e-06	1.94367e-05	514.275	255.725	42.6484	130.04	2469.97	0.032199700000000005	0.00766952	179.96	0.137207	3845.74	804.2610000000001	0.6327649999999999	0.262882	6.79985	0.673927	-1.18521e-30	-4.2474799999999994e-29	19.9998	-1.06557e-28	5.0139500000000004e-08	9.38143e-08	-5.217109999999999e-32	-8.1115e-29	1.2455399999999999	0.000342167	-9.16857e-31	163.38299999999998	33.1249	0.106598	0.523582	6.12131e-05	0	-1.304e-31	0.000153016	0	2.8823e-31	-1.1043599999999998e-29	8.71351e-31	0.0005	0.262882	
10000	1.96722	3.902e-06	1.94369e-05	513.595	256.405	42.9869	129.703	2469.97	0.032201799999999996	0.00757812	180.297	0.137546	3839.5	810.502	0.633302	0.263106	6.79985	0.675593	-1.18619e-30	-4.2501099999999995e-29	19.9998	-1.06417e-28	5.0234e-08	9.40505e-08	-5.226719999999999e-32	-8.12383e-29	1.2359	0.000339512	-9.118399999999999e-31	163.592	33.1294	0.10603399999999999	0.520814	6.137e-05	0	-1.3070199999999998e-31	0.000153409	0	1.6049499999999998e-31	-1.0789e-29	7.5131899999999995e-31	0.0005	0.263106	
10020	1.96722	3.902059999999999e-06	1.94372e-05	512.915	257.085	43.3259	129.36700000000002	2469.97	0.0322039	0.00748819	180.63299999999998	0.137879	3833.25	816.748	0.6338090000000001	0.263317	6.79985	0.677233	-1.1880599999999999e-30	-4.25506e-29	19.9998	-1.06491e-28	5.032859999999999e-08	9.42867e-08	-5.23459e-32	-8.13635e-29	1.2263899999999999	0.00033689300000000006	-9.062139999999998e-31	163.8	33.1338	0.105473	0.518062	6.152680000000001e-05	0	-1.30888e-31	0.00015380100000000001	0	1.9285699999999998e-31	-1.0588199999999998e-29	5.55777e-31	0.0005	0.263317	
10040	1.96722	3.90211e-06	1.94374e-05	512.235	257.765	43.6654	129.032	2469.97	0.0322059	0.0073997	180.968	0.138207	3827.0	822.9989999999999	0.634285	0.263516	6.79985	0.678846	-1.1863899999999998e-30	-4.2489899999999997e-29	19.9998	-1.06342e-28	5.042309999999999e-08	9.45229e-08	-5.24198e-32	-8.14896e-29	1.21702	0.00033431	-9.00599e-31	164.007	33.1381	0.10491600000000001	0.515325	6.16836e-05	0	-1.31082e-31	0.000154193	0	1.50262e-31	-1.04139e-29	4.086849999999999e-31	0.0005	0.263516	
10060	1.96722	3.90216e-06	1.94377e-05	511.556	258.444	44.0055	128.697	2469.97	0.0322079	0.00731263	181.303	0.13853	3820.75	829.255	0.634731	0.263702	6.79985	0.680433	-1.1853e-30	-4.24524e-29	19.9998	-1.06275e-28	5.051769999999999e-08	9.475910000000001e-08	-5.24914e-32	-8.161169999999999e-29	1.20776	0.000331762	-8.94949e-31	164.213	33.1423	0.104361	0.5126029999999999	6.18405e-05	0	-1.31266e-31	0.00015458600000000001	0	1.1016299999999998e-31	-1.02747e-29	3.1188199999999996e-31	0.0005	0.263702	
10080	1.96722	3.90221e-06	1.94379e-05	510.87699999999995	259.123	44.3462	128.363	2469.97	0.0322099	0.00722695	181.637	0.138847	3814.49	835.515	0.635147	0.263875	6.79984	0.681995	-1.18435e-30	-4.2418599999999996e-29	19.9998	-1.06197e-28	5.0612199999999994e-08	9.49953e-08	-5.256109999999999e-32	-8.17347e-29	1.19864	0.00032924800000000003	-8.893389999999999e-31	164.418	33.1465	0.10380999999999999	0.509896	6.199729999999999e-05	0	-1.31441e-31	0.000154978	0	8.01252e-32	-1.0170199999999999e-29	2.38149e-31	0.0005	0.263875	
10100	1.96722	3.90226e-06	1.94382e-05	510.199	259.801	44.6873	128.03	2469.97	0.0322118	0.00714263	181.97	0.13915999999999998	3808.22	841.779	0.635534	0.26403699999999997	6.79984	0.68353	-1.1834499999999998e-30	-4.2386099999999996e-29	19.9998	-1.0611e-28	5.07068e-08	9.523149999999999e-08	-5.26313e-32	-8.18539e-29	1.18963	0.000326768	-8.837529999999999e-31	164.62099999999998	33.1506	0.10326199999999999	0.507205	6.21541e-05	0	-1.31617e-31	0.00015537100000000001	0	5.94986e-32	-1.00896e-29	1.77544e-31	0.0005	0.26403699999999997	
10120	1.96722	3.90231e-06	1.94384e-05	509.52099999999996	260.47900000000004	45.028999999999996	127.697	2469.97	0.0322137	0.00705964	182.303	0.139467	3801.95	848.046	0.635892	0.26418600000000003	6.79984	0.6850390000000001	-1.1825599999999999e-30	-4.23539e-29	19.9998	-1.0602799999999998e-28	5.08013e-08	9.54677e-08	-5.26978e-32	-8.197489999999999e-29	1.18075	0.000324321	-8.78249e-31	164.824	33.1545	0.102717	0.504529	6.231100000000001e-05	0	-1.31786e-31	0.000155763	0	4.4393400000000004e-32	-1.0027699999999999e-29	1.3083899999999998e-31	0.0005	0.26418600000000003	
10140	1.96722	3.90236e-06	1.9438699999999997e-05	508.843	261.157	45.3712	127.366	2469.97	0.032215600000000004	0.00697795	182.63400000000001	0.139768	3795.68	854.317	0.636221	0.264323	6.79984	0.686524	-1.18162e-30	-4.23204e-29	19.9998	-1.0594499999999998e-28	5.08959e-08	9.5704e-08	-5.276359999999999e-32	-8.209729999999999e-29	1.17198	0.000321907	-8.7288e-31	165.02599999999998	33.1585	0.102175	0.501868	6.24678e-05	0	-1.3195099999999999e-31	0.00015615600000000001	0	3.21481e-32	-9.98011e-30	9.54193e-32	0.0005	0.264323	
10160	1.96722	3.9024e-06	1.94389e-05	508.166	261.834	45.7139	127.035	2469.97	0.0322174	0.00689754	182.965	0.14006500000000002	3789.41	860.591	0.636522	0.264449	6.79984	0.687983	-1.18069e-30	-4.2286999999999996e-29	19.9998	-1.05862e-28	5.09905e-08	9.594020000000001e-08	-5.2834e-32	-8.221959999999999e-29	1.16333	0.000319525	-8.67604e-31	165.226	33.1623	0.101636	0.499222	6.26247e-05	0	-1.32126e-31	0.000156548	0	2.25857e-32	-9.9435e-30	6.82761e-32	0.0005	0.264449	
10180	1.96722	3.90245e-06	1.9439200000000002e-05	507.48900000000003	262.51099999999997	46.0571	126.705	2469.97	0.0322192	0.00681837	183.295	0.14035699999999998	3783.13	866.867	0.636794	0.26456199999999996	6.79984	0.689416	-1.17977e-30	-4.22539e-29	19.9998	-1.0577899999999999e-28	5.1085000000000004e-08	9.61764e-08	-5.29039e-32	-8.234219999999999e-29	1.15479	0.00031717299999999997	-8.62366e-31	165.425	33.1661	0.1011	0.496591	6.27815e-05	0	-1.323e-31	0.00015694100000000001	0	1.52542e-32	-9.91538e-30	4.73404e-32	0.0005	0.26456199999999996	
10200	1.96722	3.9025e-06	1.94394e-05	506.81199999999995	263.188	46.4008	126.376	2469.97	0.032221	0.00674044	183.62400000000002	0.14064300000000002	3776.85	873.1460000000001	0.637038	0.264665	6.79984	0.690825	-1.17885e-30	-4.22209e-29	19.9998	-1.05696e-28	5.1179600000000004e-08	9.641260000000001e-08	-5.29734e-32	-8.246450000000001e-29	1.1463700000000001	0.000314853	-8.57178e-31	165.62400000000002	33.1698	0.10056699999999999	0.493975	6.29384e-05	0	-1.32474e-31	0.000157333	0	9.613459999999999e-33	-9.893839999999999e-30	3.10386e-32	0.0005	0.264665	
10220	1.96722	3.90255e-06	1.94396e-05	506.13599999999997	263.86400000000003	46.745	126.04799999999999	2469.97	0.0322227	0.00666371	183.952	0.140924	3770.57	879.428	0.637255	0.264755	6.79984	0.692209	-1.17792e-30	-4.21877e-29	19.9998	-1.05613e-28	5.1274100000000005e-08	9.66489e-08	-5.30428e-32	-8.25867e-29	1.13805	0.00031256299999999997	-8.52051e-31	165.821	33.1734	0.100037	0.49137299999999995	6.30952e-05	0	-1.32648e-31	0.00015772600000000001	0	5.3528499999999995e-33	-9.87733e-30	1.8720099999999997e-32	0.0005	0.264755	
10240	1.96722	3.90259e-06	1.94398e-05	505.46	264.54	47.0897	125.72	2469.97	0.0322244	0.00658815	184.28	0.141201	3764.29	885.711	0.6374449999999999	0.264835	6.79984	0.693569	-1.1769899999999998e-30	-4.21546e-29	19.9998	-1.0553e-28	5.13687e-08	9.68851e-08	-5.3112e-32	-8.27087e-29	1.12984	0.000310302	-8.469859999999999e-31	166.017	33.177	0.09951010000000002	0.48878699999999997	6.3252e-05	0	-1.32822e-31	0.00015811799999999998	0	2.10254e-33	-9.86466e-30	9.417649999999999e-33	0.0005	0.264835	
10260	1.96722	3.90264e-06	1.94401e-05	504.784	265.216	47.4349	125.39299999999999	2469.97	0.032226099999999994	0.00651375	184.607	0.14147200000000001	3758.0	891.9960000000001	0.637608	0.264903	6.79984	0.694904	-1.17607e-30	-4.21214e-29	19.9998	-1.05447e-28	5.146319999999999e-08	9.71213e-08	-5.3181e-32	-8.28301e-29	1.12174	0.000308071	-8.41982e-31	166.213	33.1805	0.0989862	0.48621499999999995	6.340890000000001e-05	0	-1.32995e-31	0.00015851100000000001	0	-4.03794e-34	-9.85487e-30	2.18376e-33	0.0005	0.264903	
10280	1.96722	3.90268e-06	1.94403e-05	504.10900000000004	265.89099999999996	47.7806	125.06700000000001	2469.97	0.0322278	0.00644048	184.933	0.141739	3751.72	898.2819999999999	0.637745	0.26496	6.79984	0.6962149999999999	-1.1751399999999999e-30	-4.2088199999999997e-29	19.9998	-1.05364e-28	5.1557699999999995e-08	9.735760000000001e-08	-5.324919999999999e-32	-8.29502e-29	1.1137299999999999	0.000305868	-8.370289999999999e-31	166.407	33.1839	0.0984653	0.483658	6.35658e-05	0	-1.33166e-31	0.00015890299999999998	0	-2.32865e-33	-9.84733e-30	-3.38043e-33	0.0005	0.26496	
10300	1.96722	3.90273e-06	1.9440499999999998e-05	503.434	266.566	48.1268	124.742	2469.97	0.032229400000000005	0.00636833	185.25799999999998	0.142	3745.43	904.57	0.6378550000000001	0.265007	6.79984	0.6975020000000001	-1.17422e-30	-4.2055200000000003e-29	19.9998	-1.05281e-28	5.16523e-08	9.75938e-08	-5.33195e-32	-8.30736e-29	1.10584	0.000303693	-8.321420000000001e-31	166.6	33.1873	0.09794739999999999	0.48111499999999996	6.37226e-05	0	-1.3333899999999999e-31	0.00015929600000000001	0	-3.81411e-33	-9.841529999999999e-30	-7.624609999999999e-33	0.0005	0.265007	
10320	1.96722	3.90277e-06	1.94407e-05	502.76	267.24	48.4735	124.41799999999999	2469.97	0.032231	0.00629726	185.582	0.142257	3739.14	910.8589999999999	0.637939	0.265042	6.79984	0.698766	-1.1732999999999998e-30	-4.20222e-29	19.9998	-1.0519799999999998e-28	5.17468e-08	9.783e-08	-5.33875e-32	-8.319399999999999e-29	1.09804	0.000301546	-8.27322e-31	166.792	33.1906	0.0974325	0.478587	6.38795e-05	0	-1.33511e-31	0.00015968799999999998	0	-4.95521e-33	-9.83705e-30	-1.09427e-32	0.0005	0.265042	
10340	1.96722	3.90281e-06	1.94409e-05	502.086	267.914	48.8206	124.094	2469.97	0.03223259999999999	0.00622725	185.90599999999998	0.142509	3732.85	917.148	0.637998	0.265067	6.79984	0.700005	-1.17237e-30	-4.1989099999999997e-29	19.9998	-1.05116e-28	5.18414e-08	9.80663e-08	-5.34564e-32	-8.33152e-29	1.09033	0.000299425	-8.22551e-31	166.983	33.1938	0.09692039999999999	0.47607299999999997	6.40363e-05	0	-1.3368499999999998e-31	0.00016008100000000001	0	-5.8292399999999996e-33	-9.833599999999999e-30	-1.34768e-32	0.0005	0.265067	
10360	1.96722	3.90286e-06	1.94411e-05	501.412	268.58799999999997	49.1682	123.771	2469.97	0.0322341	0.0061583	186.229	0.142756	3726.56	923.437	0.6380319999999999	0.26508200000000004	6.79984	0.701221	-1.1714499999999999e-30	-4.19559e-29	19.9998	-1.05032e-28	5.1935900000000004e-08	9.830249999999999e-08	-5.352419999999999e-32	-8.343790000000001e-29	1.08273	0.00029733200000000003	-8.17851e-31	167.174	33.196999999999996	0.0964113	0.47357299999999997	6.41932e-05	0	-1.33856e-31	0.00016047299999999998	0	-6.559999999999999e-33	-9.830959999999999e-30	-1.5591600000000001e-32	0.0005	0.26508200000000004	
10380	1.96722	3.9029e-06	1.94413e-05	500.73900000000003	269.26099999999997	49.5163	123.449	2469.97	0.032235599999999996	0.00609037	186.551	0.142999	3720.27	929.727	0.6380399999999999	0.265086	6.79984	0.702414	-1.1705299999999998e-30	-4.1922999999999997e-29	19.9998	-1.0495e-28	5.2030500000000004e-08	9.85388e-08	-5.35967e-32	-8.356209999999999e-29	1.07522	0.000295264	-8.13229e-31	167.363	33.2001	0.0959052	0.471088	6.43501e-05	0	-1.34032e-31	0.00016086600000000001	0	-7.16285e-33	-9.828989999999998e-30	-1.7307999999999997e-32	0.0005	0.265086	
10400	1.96722	3.902940000000001e-06	1.94416e-05	500.066	269.934	49.8649	123.12799999999999	2469.97	0.0322371	0.00602345	186.872	0.14323699999999998	3713.98	936.0169999999999	0.6380239999999999	0.265079	6.79984	0.703583	-1.16961e-30	-4.189e-29	19.9998	-1.0486799999999998e-28	5.2125000000000005e-08	9.8775e-08	-5.36648e-32	-8.36819e-29	1.0678	0.000293222	-8.08638e-31	167.551	33.2032	0.09540189999999998	0.468617	6.450689999999999e-05	0	-1.34205e-31	0.00016125799999999998	0	-7.54405e-33	-9.82753e-30	-1.8443599999999997e-32	0.0005	0.265079	
10420	1.96722	3.90298e-06	1.94418e-05	499.39300000000003	270.607	50.2139	122.807	2469.97	0.0322386	0.00595751	187.19299999999998	0.14347000000000001	3707.69	942.306	0.637983	0.265063	6.79984	0.70473	-1.16869e-30	-4.18571e-29	19.9998	-1.0478499999999998e-28	5.221949999999999e-08	9.90113e-08	-5.37334e-32	-8.38025e-29	1.06047	0.000291205	-8.04098e-31	167.738	33.2062	0.0949015	0.46616	6.46638e-05	0	-1.3437699999999999e-31	0.00016165100000000001	0	-7.84139e-33	-9.826419999999998e-30	-1.9261e-32	0.0005	0.265063	
10440	1.96722	3.9030199999999994e-06	1.94419e-05	498.721	271.279	50.5634	122.48700000000001	2469.97	0.03224	0.00589254	187.513	0.143698	3701.4	948.595	0.637919	0.26503699999999997	6.79984	0.705854	-1.16862e-30	-4.18568e-29	19.9998	-1.0482e-28	5.231409999999999e-08	9.924749999999999e-08	-5.354119999999999e-32	-8.32703e-29	1.05324	0.00028921299999999997	-7.98495e-31	167.924	33.2091	0.0944039	0.463717	6.482060000000001e-05	0	-1.3430399999999999e-31	0.00016204299999999998	0	-6.49112e-33	-9.826439999999998e-30	-1.3694499999999999e-32	0.0005	0.26503699999999997	
10460	1.96722	3.90306e-06	1.94421e-05	498.04900000000004	271.95099999999996	50.9134	122.16799999999999	2469.97	0.032241399999999996	0.00582853	187.832	0.143922	3695.12	954.883	0.63783	0.26500100000000004	6.79984	0.706955	-1.1675499999999999e-30	-4.18159e-29	19.9998	-1.04677e-28	5.2408599999999995e-08	9.948380000000001e-08	-5.34148e-32	-8.312530000000001e-29	1.04609	0.000287245	-7.9064e-31	168.11	33.211999999999996	0.0939092	0.46128800000000003	6.49775e-05	0	-1.33846e-31	0.00016243600000000001	0	-9.534299999999999e-33	-9.82528e-30	-2.57413e-32	0.0005	0.26500100000000004	
10480	1.96722	3.9031e-06	1.94423e-05	497.37699999999995	272.623	51.2638	121.85	2469.97	0.0322428	0.00576545	188.15	0.14414100000000002	3688.83	961.17	0.6377189999999999	0.264955	6.79984	0.708033	-1.16664e-30	-4.1783399999999997e-29	19.9998	-1.0460200000000001e-28	5.2503099999999996e-08	9.972010000000001e-08	-5.32799e-32	-8.29009e-29	1.03903	0.000285301	-7.83391e-31	168.294	33.2148	0.0934174	0.458873	6.513439999999999e-05	0	-1.33521e-31	0.00016282799999999998	0	-2.1870799999999998e-32	-9.83038e-30	-6.706879999999999e-32	0.0005	0.264955	
10500	1.96722	3.90314e-06	1.94425e-05	496.70599999999996	273.29400000000004	51.6147	121.53299999999999	2469.97	0.0322442	0.00570328	188.467	0.14435599999999998	3682.54	967.456	0.637584	0.264899	6.79984	0.70909	-1.1679999999999999e-30	-4.18313e-29	19.9998	-1.04695e-28	5.2597699999999996e-08	9.99563e-08	-5.31137e-32	-8.264549999999998e-29	1.03205	0.000283381	-7.755259999999999e-31	168.477	33.2176	0.0929283	0.45647200000000004	6.52913e-05	0	-1.33053e-31	0.00016322100000000001	0	-1.90839e-32	-9.84643e-30	-5.33528e-32	0.0005	0.264899	
10520	1.96722	3.90317e-06	1.94427e-05	496.035	273.965	51.966	121.21600000000001	2469.97	0.0322456	0.00564201	188.78400000000002	0.144566	3676.26	973.74	0.637426	0.264834	6.79984	0.710124	-1.1664e-30	-4.17763e-29	19.9998	-1.04597e-28	5.26922e-08	1.0019299999999999e-07	-5.31575e-32	-8.281129999999999e-29	1.02516	0.000281483	-7.697119999999999e-31	168.65900000000002	33.2203	0.0924421	0.454085	6.544810000000001e-05	0	-1.3302099999999999e-31	0.000163614	0	-1.85843e-32	-9.85577e-30	-4.8697199999999996e-32	0.0005	0.264834	
10540	1.96722	3.90321e-06	1.94429e-05	495.365	274.635	52.3177	120.9	2469.97	0.0322469	0.00558162	189.1	0.144772	3669.98	980.023	0.637246	0.26476	6.79984	0.711137	-1.16573e-30	-4.1751099999999993e-29	19.9998	-1.04519e-28	5.27867e-08	1.0042899999999999e-07	-5.32032e-32	-8.293120000000001e-29	1.01835	0.000279609	-7.647e-31	168.84099999999998	33.223	0.0919587	0.451711	6.5605e-05	0	-1.3306999999999999e-31	0.000164006	0	-1.54577e-32	-9.864179999999999e-30	-4.1173e-32	0.0005	0.26476	
10560	1.96722	3.90325e-06	1.94431e-05	494.695	275.305	52.6699	120.585	2469.97	0.032248200000000005	0.0055221	189.415	0.144973	3663.7	986.304	0.637043	0.264676	6.79984	0.7121270000000001	-1.16484e-30	-4.171899999999999e-29	19.9998	-1.04434e-28	5.2881300000000005e-08	1.00665e-07	-5.32672e-32	-8.305409999999999e-29	1.01162	0.000277756	-7.60352e-31	169.021	33.2256	0.091478	0.449351	6.576189999999999e-05	0	-1.33223e-31	0.00016439900000000002	0	-1.39661e-32	-9.870169999999999e-30	-3.7323999999999997e-32	0.0005	0.264676	
10580	1.96722	3.903280000000001e-06	1.94432e-05	494.025	275.975	53.0226	120.27	2469.97	0.0322495	0.00546343	189.73	0.14517	3657.42	992.582	0.6368189999999999	0.264583	6.79984	0.713096	-1.16386e-30	-4.1684300000000003e-29	19.9998	-1.04353e-28	5.29758e-08	1.00901e-07	-5.333309999999999e-32	-8.31776e-29	1.0049700000000001	0.00027592599999999996	-7.561279999999999e-31	169.201	33.2282	0.09100010000000001	0.44700500000000004	6.59188e-05	0	-1.33379e-31	0.000164791	0	-1.28501e-32	-9.874789999999999e-30	-3.36108e-32	0.0005	0.264583	
10600	1.96722	3.90332e-06	1.9443399999999998e-05	493.356	276.644	53.3756	119.95700000000001	2469.97	0.0322507	0.00540559	190.043	0.14536300000000002	3651.14	998.8589999999999	0.636572	0.264481	6.79983	0.714044	-1.16295e-30	-4.1651699999999996e-29	19.9998	-1.04272e-28	5.30703e-08	1.0113799999999999e-07	-5.34002e-32	-8.32953e-29	0.998395	0.000274117	-7.52072e-31	169.37900000000002	33.2307	0.090525	0.444672	6.607560000000001e-05	0	-1.33545e-31	0.00016518400000000002	0	-1.1947799999999999e-32	-9.87838e-30	-3.09916e-32	0.0005	0.264481	
10620	1.96722	3.90335e-06	1.9443599999999998e-05	492.68699999999995	277.313	53.7291	119.64399999999999	2469.97	0.032251999999999996	0.00534858	190.356	0.14555099999999999	3644.87	1005.13	0.636305	0.264371	6.79983	0.714971	-1.1620499999999999e-30	-4.1619199999999996e-29	19.9998	-1.04189e-28	5.31649e-08	1.0137399999999999e-07	-5.34675e-32	-8.34162e-29	0.9919	0.00027232900000000003	-7.48104e-31	169.55700000000002	33.2332	0.0900525	0.442352	6.62325e-05	0	-1.33711e-31	0.000165576	0	-1.12047e-32	-9.88113e-30	-2.89436e-32	0.0005	0.264371	
10640	1.96722	3.90339e-06	1.9443699999999998e-05	492.01800000000003	277.982	54.0831	119.33200000000001	2469.97	0.032253199999999996	0.00529236	190.668	0.145735	3638.6	1011.4	0.636016	0.264251	6.79983	0.7158760000000001	-1.1611299999999999e-30	-4.15864e-29	19.9998	-1.04107e-28	5.32594e-08	1.0161e-07	-5.353569999999999e-32	-8.35385e-29	0.9854809999999999	0.000270563	-7.44157e-31	169.734	33.2357	0.0895829	0.440046	6.638939999999999e-05	0	-1.3388599999999999e-31	0.00016596900000000002	0	-1.0651299999999998e-32	-9.88324e-30	-2.73492e-32	0.0005	0.264251	
10660	1.96722	3.9034199999999995e-06	1.9443900000000002e-05	491.35	278.65	54.4374	119.02	2469.97	0.0322544	0.00523694	190.98	0.14591500000000002	3632.33	1017.67	0.635707	0.264123	6.79983	0.7167600000000001	-1.16021e-30	-4.1553599999999995e-29	19.9998	-1.04025e-28	5.3353900000000004e-08	1.01846e-07	-5.36021e-32	-8.36595e-29	0.979136	0.000268816	-7.403339999999999e-31	169.90900000000002	33.238	0.0891159	0.43775299999999995	6.65463e-05	0	-1.34055e-31	0.000166361	0	-1.0257100000000001e-32	-9.884849999999999e-30	-2.62135e-32	0.0005	0.264123	
10680	1.96722	3.90345e-06	1.9444100000000002e-05	490.68199999999996	279.318	54.7922	118.71	2469.97	0.0322555	0.00518229	191.29	0.146091	3626.06	1023.94	0.6353770000000001	0.263986	6.79983	0.7176239999999999	-1.1593e-30	-4.15208e-29	19.9998	-1.03943e-28	5.3448400000000005e-08	1.0208299999999999e-07	-5.36724e-32	-8.377819999999999e-29	0.972865	0.00026709	-7.365689999999999e-31	170.084	33.2404	0.08865160000000001	0.43547299999999994	6.67032e-05	0	-1.34226e-31	0.00016675400000000002	0	-9.9818e-33	-9.886139999999998e-30	-2.53652e-32	0.0005	0.263986	
10700	1.96722	3.90349e-06	1.94442e-05	490.015	279.985	55.1474	118.4	2469.97	0.0322567	0.0051284	191.6	0.14626199999999998	3619.8	1030.2	0.635026	0.263841	6.79983	0.718467	-1.15839e-30	-4.14883e-29	19.9998	-1.03862e-28	5.3543000000000005e-08	1.0231899999999999e-07	-5.37414e-32	-8.389719999999999e-29	0.966665	0.000265384	-7.32808e-31	170.25799999999998	33.2427	0.08818989999999999	0.43320600000000004	6.68601e-05	0	-1.34397e-31	0.000167147	0	-9.763739999999999e-33	-9.887149999999999e-30	-2.4827899999999997e-32	0.0005	0.263841	
10720	1.96722	3.90352e-06	1.94444e-05	489.348	280.652	55.503	118.09100000000001	2469.97	0.032257799999999996	0.00507526	191.90900000000002	0.146429	3613.55	1036.45	0.634656	0.26368800000000003	6.79983	0.71929	-1.1574799999999999e-30	-4.14558e-29	19.9998	-1.0378e-28	5.363749999999999e-08	1.02555e-07	-5.38095e-32	-8.40159e-29	0.9605360000000001	0.000263697	-7.290739999999999e-31	170.43099999999998	33.2449	0.08773099999999999	0.43095200000000006	6.701689999999999e-05	0	-1.34568e-31	0.00016753900000000002	0	-9.5955e-33	-9.887999999999999e-30	-2.43202e-32	0.0005	0.26368800000000003	
10740	1.96722	3.90355e-06	1.94445e-05	488.681	281.319	55.858999999999995	117.78200000000001	2469.97	0.032258999999999996	0.00502285	192.218	0.146592	3607.29	1042.71	0.634266	0.26352600000000004	6.79983	0.720092	-1.1565799999999998e-30	-4.14233e-29	19.9998	-1.03699e-28	5.3731999999999994e-08	1.02792e-07	-5.387749999999999e-32	-8.41345e-29	0.954477	0.00026203	-7.25377e-31	170.60299999999998	33.2471	0.0872747	0.428712	6.71738e-05	0	-1.3473899999999999e-31	0.000167932	0	-9.42664e-33	-9.88866e-30	-2.37927e-32	0.0005	0.26352600000000004	
10760	1.96722	3.90358e-06	1.94447e-05	488.015	281.985	56.2155	117.475	2469.97	0.0322601	0.00497117	192.525	0.146751	3601.04	1048.96	0.633857	0.263356	6.79983	0.720875	-1.15567e-30	-4.13909e-29	19.9998	-1.03618e-28	5.38265e-08	1.03028e-07	-5.394530000000001e-32	-8.425299999999998e-29	0.9484870000000001	0.00026038099999999996	-7.21717e-31	170.775	33.2493	0.08682100000000001	0.42648400000000003	6.73307e-05	0	-1.34908e-31	0.00016832400000000002	0	-9.24348e-33	-9.889149999999999e-30	-2.3304999999999997e-32	0.0005	0.263356	
10780	1.96722	3.90361e-06	1.94448e-05	487.349	282.651	56.5723	117.16799999999999	2469.97	0.0322611	0.00492019	192.832	0.14690599999999998	3594.8	1055.2	0.633428	0.263179	6.79983	0.721637	-1.15476e-30	-4.13584e-29	19.9998	-1.03536e-28	5.3921000000000004e-08	1.0326399999999999e-07	-5.401299999999999e-32	-8.43714e-29	0.942564	0.000258751	-7.18096e-31	170.945	33.2514	0.0863699	0.42426899999999995	6.74876e-05	0	-1.3507799999999998e-31	0.000168717	0	-9.19862e-33	-9.889529999999999e-30	-2.3093099999999999e-32	0.0005	0.263179	
10800	1.96722	3.9036400000000005e-06	1.9445e-05	486.684	283.316	56.9296	116.86200000000001	2469.97	0.032262200000000005	0.00486991	193.138	0.147057	3588.55	1061.45	0.632981	0.262993	6.79983	0.72238	-1.15385e-30	-4.1325699999999996e-29	19.9998	-1.03455e-28	5.4015500000000005e-08	1.035e-07	-5.40805e-32	-8.44894e-29	0.936708	0.00025714	-7.14513e-31	171.114	33.2535	0.0859214	0.422067	6.76445e-05	0	-1.3524699999999999e-31	0.00016911	0	-9.00633e-33	-9.88977e-30	-2.25789e-32	0.0005	0.262993	
10820	1.96722	3.90367e-06	1.94451e-05	486.019	283.981	57.2872	116.557	2469.97	0.0322632	0.00482032	193.44299999999998	0.147204	3582.32	1067.68	0.6325149999999999	0.2628	6.79983	0.7231029999999999	-1.15293e-30	-4.12926e-29	19.9998	-1.03371e-28	5.41101e-08	1.03737e-07	-5.41464e-32	-8.4604e-29	0.930917	0.000255546	-7.10956e-31	171.283	33.2555	0.0854755	0.41987700000000006	6.78014e-05	0	-1.3541299999999999e-31	0.000169502	0	-8.879829999999999e-33	-9.88988e-30	-2.21797e-32	0.0005	0.2628	
10840	1.96722	3.9036900000000006e-06	1.94452e-05	485.35400000000004	284.64599999999996	57.6453	116.25200000000001	2469.97	0.032264299999999996	0.00477139	193.748	0.147347	3576.08	1073.92	0.63203	0.26259899999999997	6.79983	0.723807	-1.15201e-30	-4.1259899999999993e-29	19.9998	-1.0329e-28	5.42046e-08	1.03973e-07	-5.421379999999999e-32	-8.472209999999999e-29	0.92519	0.00025397	-7.074439999999999e-31	171.451	33.2575	0.0850322	0.4177	6.79583e-05	0	-1.3558099999999998e-31	0.000169895	0	-8.864209999999998e-33	-9.889889999999999e-30	-2.2156599999999998e-32	0.0005	0.26259899999999997	
10860	1.96722	3.903719999999999e-06	1.94454e-05	484.69	285.31	58.0037	115.948	2469.97	0.032265300000000004	0.00472313	194.05200000000002	0.14748599999999998	3569.86	1080.14	0.631528	0.262391	6.79983	0.724491	-1.1510999999999999e-30	-4.12272e-29	19.9998	-1.03208e-28	5.4299099999999994e-08	1.0420899999999999e-07	-5.42801e-32	-8.483879999999999e-29	0.9195270000000001	0.000252412	-7.039749999999999e-31	171.618	33.2595	0.0845915	0.41553599999999996	6.811520000000001e-05	0	-1.35747e-31	0.000170287	0	-8.812739999999999e-33	-9.889869999999999e-30	-2.20614e-32	0.0005	0.262391	
10880	1.96722	3.90375e-06	1.94455e-05	484.026	285.974	58.3625	115.645	2469.97	0.0322663	0.00467552	194.355	0.147621	3563.63	1086.37	0.631007	0.262175	6.79983	0.7251569999999999	-1.1502e-30	-4.11949e-29	19.9998	-1.03127e-28	5.4393599999999995e-08	1.04446e-07	-5.43475e-32	-8.495559999999999e-29	0.913926	0.00025087	-7.00532e-31	171.78400000000002	33.2614	0.0841533	0.41338400000000003	6.82721e-05	0	-1.3591599999999998e-31	0.00017068	0	-8.84007e-33	-9.889839999999998e-30	-2.21138e-32	0.0005	0.262175	
10900	1.96722	3.903769999999999e-06	1.94456e-05	483.36199999999997	286.638	58.7218	115.34299999999999	2469.97	0.0322672	0.00462855	194.657	0.147753	3557.42	1092.58	0.63047	0.261952	6.79983	0.725803	-1.1492899999999999e-30	-4.116229999999999e-29	19.9998	-1.03045e-28	5.44881e-08	1.04682e-07	-5.44142e-32	-8.50741e-29	0.908386	0.000249346	-6.971389999999999e-31	171.949	33.2633	0.0837176	0.41124499999999997	6.842899999999999e-05	0	-1.36082e-31	0.000171073	0	-8.85412e-33	-9.88983e-30	-2.21702e-32	0.0005	0.261952	
10920	1.96722	3.9038e-06	1.94458e-05	482.699	287.301	59.0814	115.041	2469.97	0.032268200000000004	0.0045822	194.959	0.14787999999999998	3551.21	1098.79	0.6299140000000001	0.261721	6.79983	0.726431	-1.1483799999999999e-30	-4.11296e-29	19.9998	-1.02964e-28	5.45826e-08	1.04918e-07	-5.448259999999999e-32	-8.519370000000001e-29	0.902907	0.000247838	-6.9377199999999995e-31	172.113	33.2651	0.0832844	0.409118	6.85859e-05	0	-1.36255e-31	0.000171465	0	-8.858549999999999e-33	-9.88983e-30	-2.21863e-32	0.0005	0.261721	
10940	1.96722	3.9038199999999995e-06	1.94459e-05	482.036	287.964	59.4414	114.74	2469.97	0.032269099999999995	0.00453647	195.26	0.148004	3545.0	1105.0	0.629342	0.261484	6.79983	0.7270399999999999	-1.1474700000000002e-30	-4.109729999999999e-29	19.9998	-1.02883e-28	5.4677100000000006e-08	1.0515399999999999e-07	-5.45503e-32	-8.53103e-29	0.897488	0.000246347	-6.90447e-31	172.27599999999998	33.2669	0.0828538	0.407003	6.87428e-05	0	-1.36423e-31	0.000171858	0	-8.84385e-33	-9.88983e-30	-2.2119599999999997e-32	0.0005	0.261484	
10960	1.96722	3.90385e-06	1.9446e-05	481.374	288.626	59.8017	114.44	2469.97	0.032270099999999996	0.00449135	195.56	0.148124	3538.8	1111.2	0.628753	0.26124	6.79983	0.72763	-1.14657e-30	-4.106479999999999e-29	19.9998	-1.02801e-28	5.4771599999999994e-08	1.05391e-07	-5.461739999999999e-32	-8.54277e-29	0.892127	0.000244872	-6.871510000000001e-31	172.43900000000002	33.2687	0.0824256	0.4049	6.88997e-05	0	-1.3659099999999999e-31	0.00017225	0	-8.847389999999999e-33	-9.889819999999998e-30	-2.2118e-32	0.0005	0.26124	
10980	1.96722	3.90387e-06	1.94461e-05	480.712	289.288	60.1625	114.141	2469.97	0.032271	0.00444682	195.859	0.14824	3532.61	1117.39	0.628147	0.260988	6.79983	0.7282029999999999	-1.14567e-30	-4.1032799999999995e-29	19.9998	-1.02721e-28	5.4866099999999995e-08	1.05627e-07	-5.46845e-32	-8.554469999999998e-29	0.8868229999999999	0.000243412	-6.83893e-31	172.601	33.2704	0.08199989999999999	0.40281	6.90566e-05	0	-1.36759e-31	0.000172643	0	-8.801260000000001e-33	-9.88979e-30	-2.2003499999999996e-32	0.0005	0.260988	
11000	1.96722	3.9039e-06	1.94462e-05	480.051	289.949	60.5236	113.84200000000001	2469.97	0.0322719	0.00440288	196.158	0.14835299999999998	3526.42	1123.58	0.627525	0.26073	6.79983	0.728757	-1.14477e-30	-4.1000399999999996e-29	19.9998	-1.0264e-28	5.4960599999999997e-08	1.05863e-07	-5.475159999999999e-32	-8.566169999999999e-29	0.881577	0.00024196900000000003	-6.806669999999999e-31	172.762	33.2721	0.08157660000000001	0.400731	6.92135e-05	0	-1.36927e-31	0.00017303599999999997	0	-8.749469999999999e-33	-9.88973e-30	-2.17917e-32	0.0005	0.26073	
11020	1.96722	3.90392e-06	1.94463e-05	479.389	290.611	60.8851	113.544	2469.97	0.0322727	0.00435951	196.456	0.14846099999999998	3520.23	1129.77	0.626887	0.260466	6.79983	0.7292930000000001	-1.14386e-30	-4.0967899999999996e-29	19.9998	-1.02559e-28	5.5055100000000004e-08	1.0609999999999999e-07	-5.48185e-32	-8.57786e-29	0.8763860000000001	0.00024054	-6.77475e-31	172.922	33.2738	0.0811558	0.398665	6.93704e-05	0	-1.37095e-31	0.000173428	0	-8.7634e-33	-9.88961e-30	-2.18827e-32	0.0005	0.260466	
11040	1.96722	3.90394e-06	1.94464e-05	478.72900000000004	291.27099999999996	61.247	113.24700000000001	2469.97	0.0322736	0.00431671	196.753	0.148567	3514.06	1135.94	0.6262340000000001	0.260194	6.79983	0.729811	-1.14295e-30	-4.0935399999999996e-29	19.9998	-1.02478e-28	5.514959999999999e-08	1.06336e-07	-5.48854e-32	-8.58953e-29	0.871251	0.000239127	-6.743139999999999e-31	173.081	33.2754	0.0807375	0.39661	6.95273e-05	0	-1.37262e-31	0.00017382099999999997	0	-8.743860000000001e-33	-9.88952e-30	-2.1817499999999998e-32	0.0005	0.260194	
11060	1.96722	3.90396e-06	1.94466e-05	478.06800000000004	291.932	61.6092	112.95	2469.97	0.0322745	0.00427447	197.05	0.148668	3507.89	1142.11	0.625564	0.259916	6.79983	0.7303109999999999	-1.14201e-30	-4.0901799999999996e-29	19.9998	-1.02398e-28	5.5244099999999994e-08	1.06572e-07	-5.495219999999999e-32	-8.60119e-29	0.8661700000000001	0.00023772900000000003	-6.711839999999999e-31	173.239	33.277	0.0803215	0.394568	6.96842e-05	0	-1.3742899999999999e-31	0.000174214	0	-8.55051e-33	-9.88927e-30	-2.22608e-32	0.0005	0.259916	
11080	1.96722	3.9039800000000005e-06	1.94467e-05	477.408	292.592	61.9718	112.654	2469.97	0.0322753	0.00423278	197.34599999999998	0.148766	3501.73	1148.27	0.624879	0.25963200000000003	6.79983	0.7307939999999999	-1.14112e-30	-4.0869999999999997e-29	19.9998	-1.02317e-28	5.5338599999999995e-08	1.06809e-07	-5.5019e-32	-8.612839999999999e-29	0.861142	0.000236346	-6.68088e-31	173.39700000000002	33.2785	0.07990789999999999	0.39253699999999997	6.984109999999999e-05	0	-1.37597e-31	0.00017460599999999997	0	-9.073209999999999e-33	-9.8889e-30	-2.21444e-32	0.0005	0.25963200000000003	
11100	1.96722	3.903999999999999e-06	1.94468e-05	476.749	293.251	62.3348	112.359	2469.97	0.032276099999999995	0.00419162	197.641	0.148861	3495.57	1154.43	0.6241800000000001	0.259342	6.7998199999999995	0.73126	-1.1402799999999999e-30	-4.08394e-29	19.9998	-1.0223599999999999e-28	5.54331e-08	1.0704499999999999e-07	-5.50858e-32	-8.624479999999999e-29	0.856167	0.000234977	-6.65022e-31	173.554	33.2801	0.0794968	0.390517	6.9998e-05	0	-1.37764e-31	0.000174999	0	-8.777520000000001e-33	-9.88906e-30	-2.2222499999999996e-32	0.0005	0.259342	
11120	1.96722	3.90402e-06	1.9446900000000002e-05	476.09	293.91	62.6981	112.065	2469.97	0.0322769	0.00415099	197.935	0.148952	3489.42	1160.58	0.6234649999999999	0.25904499999999997	6.7998199999999995	0.731708	-1.1393499999999999e-30	-4.08065e-29	19.9998	-1.0215499999999999e-28	5.5527600000000004e-08	1.0728099999999999e-07	-5.51525e-32	-8.636099999999999e-29	0.851244	0.000233622	-6.61987e-31	173.71	33.2816	0.079088	0.38850999999999997	7.01549e-05	0	-1.37931e-31	0.00017539099999999997	0	-8.87892e-33	-9.88901e-30	-2.21754e-32	0.0005	0.25904499999999997	
11140	1.96722	3.90404e-06	1.9446900000000002e-05	475.431	294.569	63.0617	111.772	2469.97	0.0322777	0.00411089	198.22799999999998	0.149039	3483.28	1166.72	0.622736	0.258742	6.7998199999999995	0.732139	-1.13847e-30	-4.0774699999999996e-29	19.9998	-1.0207499999999998e-28	5.562209999999999e-08	1.07517e-07	-5.52192e-32	-8.647709999999999e-29	0.8463729999999999	0.000232282	-6.58982e-31	173.865	33.283	0.0786816	0.38651399999999997	7.03118e-05	0	-1.3809799999999998e-31	0.000175784	0	-8.825099999999999e-33	-9.889019999999999e-30	-2.2026599999999998e-32	0.0005	0.258742	
11160	1.96722	3.90406e-06	1.9447000000000002e-05	474.772	295.228	63.4258	111.479	2469.97	0.0322785	0.0040713	198.521	0.149124	3477.15	1172.85	0.621992	0.258434	6.7998199999999995	0.732553	-1.13757e-30	-4.07426e-29	19.9998	-1.01995e-28	5.5716599999999993e-08	1.07754e-07	-5.528569999999999e-32	-8.659319999999999e-29	0.841551	0.000230955	-6.56007e-31	174.019	33.2845	0.0782775	0.38453000000000004	7.04687e-05	0	-1.3826399999999998e-31	0.00017617700000000002	0	-8.79457e-33	-9.888969999999999e-30	-2.2018400000000002e-32	0.0005	0.258434	
11180	1.96722	3.90408e-06	1.94471e-05	474.115	295.885	63.7901	111.186	2469.97	0.0322792	0.00403221	198.81400000000002	0.149204	3471.02	1178.98	0.6212340000000001	0.258119	6.7998199999999995	0.732951	-1.1366699999999999e-30	-4.07105e-29	19.9998	-1.0191399999999998e-28	5.5811099999999995e-08	1.0799000000000002e-07	-5.53522e-32	-8.670899999999999e-29	0.836779	0.000229642	-6.5306e-31	174.173	33.2859	0.07787569999999999	0.38255700000000004	7.062560000000001e-05	0	-1.38431e-31	0.000176569	0	-8.809959999999999e-33	-9.88892e-30	-2.19997e-32	0.0005	0.258119	
11200	1.96722	3.9041000000000004e-06	1.94472e-05	473.457	296.543	64.1549	110.895	2469.97	0.03228	0.00399362	199.105	0.149282	3464.9	1185.1	0.620462	0.257799	6.7998199999999995	0.733332	-1.1357899999999999e-30	-4.06787e-29	19.9998	-1.01835e-28	5.5905500000000004e-08	1.0822599999999999e-07	-5.541869999999999e-32	-8.682479999999999e-29	0.8320569999999999	0.000228343	-6.50143e-31	174.326	33.2872	0.0774763	0.38059499999999996	7.07825e-05	0	-1.38597e-31	0.00017696200000000002	0	-8.815569999999999e-33	-9.888869999999999e-30	-2.2058499999999999e-32	0.0005	0.257799	
11220	1.96722	3.90411e-06	1.94473e-05	472.8	297.2	64.5199	110.604	2469.97	0.0322807	0.00395552	199.396	0.149355	3458.79	1191.21	0.619676	0.257473	6.7998199999999995	0.733696	-1.1348899999999998e-30	-4.0646599999999997e-29	19.9998	-1.01754e-28	5.6e-08	1.08463e-07	-5.54851e-32	-8.694049999999998e-29	0.827382	0.00022705700000000002	-6.472539999999999e-31	174.47799999999998	33.2886	0.07707910000000001	0.378645	7.09394e-05	0	-1.3876299999999999e-31	0.000177355	0	-8.84135e-33	-9.888849999999999e-30	-2.21223e-32	0.0005	0.257473	
11240	1.96722	3.90413e-06	1.94474e-05	472.14300000000003	297.857	64.8853	110.314	2469.97	0.0322815	0.0039179	199.68599999999998	0.149426	3452.69	1197.31	0.618877	0.257141	6.7998199999999995	0.7340439999999999	-1.134e-30	-4.06148e-29	19.9998	-1.01675e-28	5.60945e-08	1.08699e-07	-5.55515e-32	-8.7056e-29	0.8227549999999999	0.000225784	-6.44393e-31	174.62900000000002	33.2899	0.07668430000000001	0.376706	7.10963e-05	0	-1.3892899999999999e-31	0.00017774700000000002	0	-8.83718e-33	-9.88883e-30	-2.2098400000000002e-32	0.0005	0.257141	
11260	1.96722	3.9041500000000006e-06	1.94474e-05	471.48699999999997	298.513	65.2511	110.025	2469.97	0.0322822	0.00388075	199.975	0.14949300000000001	3446.59	1203.41	0.618065	0.256804	6.7998199999999995	0.734375	-1.13311e-30	-4.0583e-29	19.9998	-1.01595e-28	5.6189e-08	1.0893499999999999e-07	-5.5618e-32	-8.71719e-29	0.818175	0.000224523	-6.4156099999999995e-31	174.77900000000002	33.2912	0.07629169999999999	0.374778	7.12533e-05	0	-1.39096e-31	0.00017814	0	-8.85586e-33	-9.888819999999998e-30	-2.2185e-32	0.0005	0.256804	
11280	1.96722	3.9041599999999996e-06	1.94475e-05	470.83099999999996	299.16900000000004	65.6172	109.73700000000001	2469.97	0.0322829	0.00384406	200.263	0.149557	3440.5	1209.5	0.617239	0.256461	6.7998199999999995	0.734691	-1.13222e-30	-4.0551e-29	19.9997	-1.01515e-28	5.62835e-08	1.0917199999999999e-07	-5.56843e-32	-8.728729999999999e-29	0.813641	0.00022327599999999998	-6.387469999999999e-31	174.929	33.2924	0.0759014	0.372861	7.141020000000001e-05	0	-1.39262e-31	0.00017853299999999998	0	-8.865239999999999e-33	-9.888839999999998e-30	-2.2182499999999996e-32	0.0005	0.256461	
11300	1.96722	3.90418e-06	1.94476e-05	470.175	299.825	65.9836	109.449	2469.97	0.0322835	0.00380783	200.551	0.149618	3434.42	1215.58	0.616401	0.25611300000000004	6.7998199999999995	0.7349899999999999	-1.13133e-30	-4.05191e-29	19.9997	-1.0143499999999999e-28	5.6378000000000004e-08	1.09408e-07	-5.57505e-32	-8.740309999999999e-29	0.8091520000000001	0.000222041	-6.3596699999999996e-31	175.078	33.2937	0.0755134	0.37095500000000003	7.15671e-05	0	-1.39428e-31	0.000178925	0	-8.88118e-33	-9.88886e-30	-2.22418e-32	0.0005	0.25611300000000004	
11320	1.96722	3.904190000000001e-06	1.94477e-05	469.52	300.48	66.3503	109.162	2469.97	0.0322842	0.00377206	200.838	0.149676	3428.35	1221.65	0.61555	0.25576	6.7998199999999995	0.735274	-1.13044e-30	-4.04873e-29	19.9997	-1.01356e-28	5.64724e-08	1.09644e-07	-5.58167e-32	-8.751809999999999e-29	0.804709	0.00022081799999999999	-6.33218e-31	175.226	33.2949	0.0751276	0.36906	7.172399999999999e-05	0	-1.39594e-31	0.00017931799999999998	0	-8.85384e-33	-9.888869999999999e-30	-2.2159799999999998e-32	0.0005	0.25576	
11340	1.96722	3.9042e-06	1.94477e-05	468.865	301.135	66.7174	108.875	2469.97	0.0322849	0.00373673	201.125	0.14973	3422.29	1227.71	0.614687	0.25540100000000004	6.7998199999999995	0.735542	-1.1295499999999998e-30	-4.04554e-29	19.9997	-1.01276e-28	5.65669e-08	1.0988099999999999e-07	-5.58823e-32	-8.763239999999999e-29	0.8003100000000001	0.000219608	-6.30492e-31	175.37400000000002	33.2961	0.074744	0.367177	7.18809e-05	0	-1.3975899999999998e-31	0.000179711	0	-8.85491e-33	-9.888869999999999e-30	-2.2150299999999998e-32	0.0005	0.25540100000000004	
11360	1.96722	3.9042199999999995e-06	1.94478e-05	468.211	301.789	67.0848	108.589	2469.97	0.0322855	0.00370183	201.41099999999997	0.149781	3416.24	1233.76	0.613811	0.255038	6.7998199999999995	0.735795	-1.1286599999999999e-30	-4.04236e-29	19.9997	-1.01196e-28	5.66614e-08	1.1011699999999999e-07	-5.595e-32	-8.774889999999999e-29	0.795954	0.00021841	-6.2779e-31	175.52	33.2972	0.07436260000000001	0.365304	7.20378e-05	0	-1.39924e-31	0.00018010299999999998	0	-8.86437e-33	-9.888869999999999e-30	-2.2211699999999997e-32	0.0005	0.255038	
11380	1.96722	3.90423e-06	1.94479e-05	467.55699999999996	302.443	67.4525	108.304	2469.97	0.0322862	0.00366736	201.696	0.149829	3410.19	1239.81	0.612923	0.254669	6.7998199999999995	0.736032	-1.1277799999999999e-30	-4.0391799999999996e-29	19.9997	-1.01116e-28	5.6755900000000003e-08	1.10353e-07	-5.60182e-32	-8.786629999999999e-29	0.791641	0.000217223	-6.251149999999999e-31	175.666	33.2983	0.07398339999999999	0.36344099999999996	7.21947e-05	0	-1.40093e-31	0.000180496	0	-8.9076e-33	-9.88891e-30	-2.2340299999999996e-32	0.0005	0.254669	
11400	1.96722	3.90424e-06	1.94479e-05	466.904	303.096	67.8206	108.02	2469.97	0.0322868	0.00363332	201.98	0.149874	3404.15	1245.85	0.612024	0.254296	6.7998199999999995	0.736254	-1.1268899999999999e-30	-4.0359999999999997e-29	19.9997	-1.01037e-28	5.68503e-08	1.10589e-07	-5.608249999999999e-32	-8.798069999999999e-29	0.787371	0.000216048	-6.2246499999999995e-31	175.81099999999998	33.2994	0.0736064	0.36159	7.23516e-05	0	-1.40259e-31	0.00018088799999999998	0	-8.905819999999999e-33	-9.88896e-30	-2.22946e-32	0.0005	0.254296	
11420	1.96722	3.90426e-06	1.9448e-05	466.251	303.749	68.1889	107.736	2469.97	0.0322874	0.00359969	202.264	0.14991600000000002	3398.13	1251.87	0.611113	0.253917	6.7998199999999995	0.7364609999999999	-1.1260099999999999e-30	-4.03284e-29	19.9997	-1.0095799999999998e-28	5.694480000000001e-08	1.1082599999999999e-07	-5.61488e-32	-8.80956e-29	0.783143	0.000214885	-6.1986199999999994e-31	175.956	33.3005	0.07323160000000001	0.359749	7.250859999999999e-05	0	-1.40424e-31	0.000181281	0	-8.87677e-33	-9.888999999999999e-30	-2.2198599999999996e-32	0.0005	0.253917	
11440	1.96722	3.90427e-06	1.9448e-05	465.598	304.402	68.5576	107.454	2469.97	0.032288	0.00356647	202.546	0.149955	3392.11	1257.89	0.610191	0.25353400000000004	6.7998199999999995	0.736653	-1.12512e-30	-4.02965e-29	19.9997	-1.0087799999999999e-28	5.703930000000001e-08	1.1106199999999999e-07	-5.62143e-32	-8.82093e-29	0.7789560000000001	0.000213733	-6.17263e-31	176.1	33.3015	0.07285889999999999	0.357919	7.26655e-05	0	-1.40589e-31	0.00018167400000000002	0	-8.81751e-33	-9.888989999999998e-30	-2.20495e-32	0.0005	0.25353400000000004	
11460	1.96722	3.90428e-06	1.94481e-05	464.94599999999997	305.05400000000003	68.9266	107.171	2469.97	0.032288599999999994	0.00353366	202.829	0.149991	3386.1	1263.9	0.6092569999999999	0.25314699999999996	6.7998199999999995	0.73683	-1.1233299999999999e-30	-4.02286e-29	19.9997	-1.0063e-28	5.713369999999999e-08	1.11298e-07	-5.63203e-32	-8.842979999999999e-29	0.774809	0.000212592	-6.147979999999999e-31	176.243	33.3025	0.0724884	0.356099	7.28224e-05	0	-1.40785e-31	0.000182066	0	-9.05145e-33	-9.88833e-30	-2.3131499999999997e-32	0.0005	0.25314699999999996	
11480	1.96722	3.90429e-06	1.94481e-05	464.29400000000004	305.70599999999996	69.2959	106.89	2469.97	0.0322892	0.00350124	203.11	0.150024	3380.1	1269.9	0.608312	0.252755	6.7998199999999995	0.736992	-1.1209700000000001e-30	-4.01487e-29	19.9997	-1.00517e-28	5.72282e-08	1.11535e-07	-5.64136e-32	-8.857309999999999e-29	0.770703	0.00021146200000000002	-6.12716e-31	176.385	33.3035	0.07212	0.35429	7.29793e-05	0	-1.4107199999999999e-31	0.00018245900000000002	0	-9.84979e-33	-9.888229999999999e-30	-2.6956599999999993e-32	0.0005	0.252755	
11500	1.96722	3.9043e-06	1.9448199999999998e-05	463.642	306.358	69.6655	106.609	2469.97	0.0322897	0.00346922	203.391	0.150054	3374.11	1275.89	0.6073569999999999	0.25235799999999997	6.7998199999999995	0.73714	-1.12002e-30	-4.0113899999999997e-29	19.9997	-1.0041899999999999e-28	5.73227e-08	1.1177099999999999e-07	-5.648919999999999e-32	-8.870969999999999e-29	0.766636	0.000210344	-6.102819999999999e-31	176.52599999999998	33.3045	0.0717538	0.352491	7.31362e-05	0	-1.4124299999999999e-31	0.000182852	0	-1.1581799999999999e-32	-9.88992e-30	-2.9045099999999994e-32	0.0005	0.25235799999999997	
11520	1.96722	3.90431e-06	1.9448199999999998e-05	462.991	307.009	70.0354	106.329	2469.97	0.0322903	0.00343758	203.671	0.150081	3368.13	1281.87	0.606391	0.25195700000000004	6.7998199999999995	0.737273	-1.11866e-30	-4.0065e-29	19.9997	-1.0029399999999999e-28	5.7417099999999996e-08	1.1200699999999999e-07	-5.667939999999999e-32	-8.90662e-29	0.762609	0.000209235	-6.086299999999999e-31	176.667	33.3055	0.07138960000000001	0.350702	7.32931e-05	0	-1.41647e-31	0.00018324400000000002	0	-9.98037e-33	-9.891130000000001e-30	-2.5706799999999995e-32	0.0005	0.25195700000000004	
11540	1.96722	3.90432e-06	1.9448299999999998e-05	462.341	307.659	70.4057	106.04899999999999	2469.97	0.0322909	0.00340632	203.951	0.150105	3362.15	1287.85	0.605414	0.251551	6.7998199999999995	0.737392	-1.11502e-30	-3.99329e-29	19.9997	-9.994899999999999e-29	5.75116e-08	1.12244e-07	-5.68285e-32	-8.932839999999999e-29	0.75862	0.000208138	-6.06997e-31	176.80700000000002	33.3064	0.0710275	0.34892399999999996	7.345e-05	0	-1.4200699999999998e-31	0.000183637	0	-7.58916e-33	-9.89075e-30	-1.8171499999999998e-32	0.0005	0.251551	
11560	1.96722	3.90432e-06	1.9448299999999998e-05	461.691	308.309	70.7762	105.771	2469.97	0.0322914	0.00337543	204.229	0.150126	3356.19	1293.81	0.604428	0.251141	6.7998199999999995	0.7374970000000001	-1.11409e-30	-3.989999999999999e-29	19.9997	-9.98619e-29	5.7606e-08	1.1248e-07	-5.68231e-32	-8.924229999999999e-29	0.7546689999999999	0.00020705099999999998	-6.04836e-31	176.947	33.3073	0.0706675	0.347156	7.3607e-05	0	-1.42211e-31	0.00018403	0	-7.392359999999999e-33	-9.88845e-30	-1.6887799999999998e-32	0.0005	0.251141	
11580	1.96722	3.9043300000000004e-06	1.9448299999999998e-05	461.041	308.959	71.14699999999999	105.493	2469.97	0.032291900000000005	0.00334491	204.507	0.150144	3350.24	1299.76	0.603431	0.250728	6.7998199999999995	0.737588	-1.11245e-30	-3.9844099999999994e-29	19.9997	-9.976229999999998e-29	5.77005e-08	1.1271599999999999e-07	-5.68654e-32	-8.935219999999999e-29	0.7507550000000001	0.00020597400000000002	-6.01823e-31	177.085	33.3082	0.0703096	0.345398	7.37639e-05	0	-1.4221399999999998e-31	0.000184422	0	-7.21556e-33	-9.88681e-30	-1.76224e-32	0.0005	0.250728	
11600	1.96722	3.90434e-06	1.94484e-05	460.392	309.608	71.5181	105.215	2469.97	0.032292400000000006	0.00331475	204.785	0.150159	3344.3	1305.7	0.602424	0.250309	6.7998199999999995	0.737665	-1.1120399999999999e-30	-3.9826999999999994e-29	19.9997	-9.96827e-29	5.7794999999999996e-08	1.1295299999999999e-07	-5.69279e-32	-8.94635e-29	0.7468779999999999	0.00020490799999999998	-5.99333e-31	177.22299999999998	33.309	0.0699537	0.34365100000000004	7.39208e-05	0	-1.42378e-31	0.000184815	0	-7.763979999999999e-33	-9.88558e-30	-1.8672299999999998e-32	0.0005	0.250309	
11620	1.96722	3.90435e-06	1.94484e-05	459.74300000000005	310.257	71.8895	104.939	2469.97	0.032292900000000006	0.00328495	205.06099999999998	0.150172	3338.37	1311.63	0.6014079999999999	0.249887	6.799810000000001	0.7377279999999999	-1.1109299999999998e-30	-3.97884e-29	19.9997	-9.960649999999999e-29	5.7889400000000005e-08	1.13189e-07	-5.69903e-32	-8.95728e-29	0.743038	0.00020385099999999998	-5.96824e-31	177.36	33.3099	0.06959989999999999	0.341913	7.407770000000001e-05	0	-1.42519e-31	0.000185208	0	-7.86529e-33	-9.884639999999999e-30	-1.93271e-32	0.0005	0.249887	
11640	1.96722	3.90435e-06	1.94484e-05	459.094	310.906	72.2612	104.663	2469.97	0.0322934	0.0032555	205.33700000000002	0.15018199999999998	3332.44	1317.56	0.600382	0.24946100000000002	6.799810000000001	0.737777	-1.11009e-30	-3.97582e-29	19.9997	-9.95293e-29	5.7983900000000006e-08	1.13425e-07	-5.70571e-32	-8.968819999999999e-29	0.7392340000000001	0.000202805	-5.94485e-31	177.497	33.3107	0.0692481	0.340185	7.42346e-05	0	-1.42698e-31	0.00018559999999999998	0	-8.01807e-33	-9.88376e-30	-2.0113799999999998e-32	0.0005	0.24946100000000002	
11660	1.96722	3.90436e-06	1.94485e-05	458.44599999999997	311.55400000000003	72.6332	104.387	2469.97	0.0322939	0.0032264000000000004	205.613	0.15018900000000002	3326.53	1323.47	0.5993470000000001	0.249032	6.799810000000001	0.737813	-1.1093e-30	-3.9729499999999994e-29	19.9997	-9.94476e-29	5.80783e-08	1.1366199999999999e-07	-5.711719999999999e-32	-8.98003e-29	0.735466	0.00020176799999999998	-5.920539999999999e-31	177.63299999999998	33.3115	0.0688984	0.338467	7.43916e-05	0	-1.4283799999999998e-31	0.000185993	0	-8.327559999999999e-33	-9.88286e-30	-2.0764400000000002e-32	0.0005	0.249032	
11680	1.96722	3.90436e-06	1.94485e-05	457.798	312.202	73.0055	104.113	2469.97	0.0322944	0.00319764	205.887	0.150194	3320.63	1329.37	0.598303	0.248598	6.799810000000001	0.737835	-1.10834e-30	-3.96957e-29	19.9997	-9.93727e-29	5.81728e-08	1.1389799999999999e-07	-5.718709999999999e-32	-8.99134e-29	0.7317319999999999	0.000200741	-5.89735e-31	177.768	33.3122	0.0685506	0.33675900000000003	7.45485e-05	0	-1.4301399999999998e-31	0.00018638599999999997	0	-8.462589999999999e-33	-9.882439999999998e-30	-2.1122e-32	0.0005	0.248598	
11700	1.96722	3.90437e-06	1.94485e-05	457.151	312.849	73.3781	103.839	2469.97	0.0322949	0.00316922	206.16099999999997	0.150195	3314.74	1335.26	0.597249	0.24816	6.799810000000001	0.7378439999999999	-1.10747e-30	-3.96645e-29	19.9997	-9.92941e-29	5.82672e-08	1.14134e-07	-5.7251e-32	-9.002379999999998e-29	0.728033	0.00019972299999999998	-5.87409e-31	177.903	33.313	0.0682048	0.335061	7.47054e-05	0	-1.43172e-31	0.000186778	0	-8.6477e-33	-9.8822e-30	-2.1079699999999998e-32	0.0005	0.24816	
11720	1.96722	3.90437e-06	1.94485e-05	456.504	313.496	73.7509	103.566	2469.97	0.0322953	0.00314112	206.43400000000003	0.150194	3308.86	1341.14	0.596187	0.247719	6.799810000000001	0.7378399999999999	-1.10664e-30	-3.9634599999999996e-29	19.9997	-9.921479999999999e-29	5.83617e-08	1.1437099999999999e-07	-5.73106e-32	-9.01366e-29	0.724368	0.000198715	-5.850839999999999e-31	178.03599999999997	33.3137	0.067861	0.333373	7.48623e-05	0	-1.43325e-31	0.00018717099999999997	0	-8.64254e-33	-9.88216e-30	-2.1153499999999998e-32	0.0005	0.247719	
11740	1.96722	3.9043800000000006e-06	1.94485e-05	455.858	314.142	74.124	103.29299999999999	2469.97	0.0322958	0.00311336	206.707	0.15019100000000002	3302.99	1347.01	0.595117	0.247275	6.799810000000001	0.737823	-1.1057e-30	-3.96011e-29	19.9997	-9.913919999999999e-29	5.8456099999999996e-08	1.1460699999999999e-07	-5.737759999999999e-32	-9.024639999999999e-29	0.720737	0.000197716	-5.82806e-31	178.17	33.3144	0.0675192	0.331694	7.50192e-05	0	-1.4349299999999999e-31	0.000187564	0	-8.592499999999999e-33	-9.881939999999999e-30	-2.14422e-32	0.0005	0.247275	
11760	1.96722	3.9043800000000006e-06	1.94486e-05	455.212	314.788	74.4974	103.021	2469.97	0.0322962	0.00308591	206.979	0.15018399999999998	3297.13	1352.87	0.5940380000000001	0.246827	6.799810000000001	0.737793	-1.10486e-30	-3.95709e-29	19.9997	-9.906089999999999e-29	5.85506e-08	1.1484299999999999e-07	-5.7444e-32	-9.035929999999999e-29	0.71714	0.00019672599999999999	-5.805699999999999e-31	178.30200000000002	33.3151	0.0671794	0.330024	7.51761e-05	0	-1.4366599999999998e-31	0.00018795599999999997	0	-8.60498e-33	-9.881679999999999e-30	-2.16365e-32	0.0005	0.246827	
11780	1.96722	3.9043800000000006e-06	1.94486e-05	454.566	315.434	74.8711	102.75	2469.97	0.0322966	0.00305878	207.25	0.150175	3291.28	1358.72	0.59295	0.246375	6.799810000000001	0.737751	-1.10396e-30	-3.95388e-29	19.9997	-9.898399999999999e-29	5.8644999999999993e-08	1.15079e-07	-5.750759999999999e-32	-9.0471e-29	0.713575	0.000195745	-5.783279999999999e-31	178.43400000000003	33.3158	0.0668415	0.328365	7.53331e-05	0	-1.43826e-31	0.000188349	0	-8.822530000000001e-33	-9.881519999999998e-30	-2.1579200000000003e-32	0.0005	0.246375	
11800	1.96722	3.90439e-06	1.94486e-05	453.921	316.079	75.2451	102.48	2469.97	0.0322971	0.00303197	207.52	0.15016400000000002	3285.44	1364.56	0.591855	0.24591999999999997	6.799810000000001	0.737695	-1.1031499999999999e-30	-3.95096e-29	19.9997	-9.890469999999999e-29	5.87394e-08	1.15316e-07	-5.757269999999999e-32	-9.05828e-29	0.7100420000000001	0.00019477400000000002	-5.761079999999999e-31	178.565	33.3164	0.0665055	0.32671500000000003	7.549e-05	0	-1.4399e-31	0.00018874200000000002	0	-8.575829999999999e-33	-9.881269999999998e-30	-2.20663e-32	0.0005	0.24591999999999997	
11820	1.96722	3.90439e-06	1.94486e-05	453.276	316.724	75.6193	102.21	2469.97	0.0322975	0.00300546	207.79	0.15015	3279.61	1370.39	0.590751	0.24546199999999999	6.799810000000001	0.737627	-1.1022399999999998e-30	-3.9477399999999997e-29	19.9997	-9.882799999999999e-29	5.8833900000000004e-08	1.1555199999999999e-07	-5.7637e-32	-9.069459999999999e-29	0.706542	0.00019381099999999998	-5.739009999999999e-31	178.696	33.317	0.06617139999999999	0.325074	7.56469e-05	0	-1.4414999999999998e-31	0.000189134	0	-8.77495e-33	-9.88091e-30	-2.2088900000000002e-32	0.0005	0.24546199999999999	
11840	1.96722	3.90439e-06	1.94486e-05	452.63199999999995	317.368	75.9938	101.941	2469.97	0.032297900000000004	0.00297925	208.05900000000003	0.150133	3273.8	1376.2	0.5896399999999999	0.245	6.799810000000001	0.7375470000000001	-1.10135e-30	-3.9445399999999996e-29	19.9997	-9.8751e-29	5.89283e-08	1.1578799999999999e-07	-5.77012e-32	-9.080610000000001e-29	0.703073	0.00019285599999999998	-5.71714e-31	178.825	33.3176	0.0658393	0.323443	7.580380000000001e-05	0	-1.44312e-31	0.00018952700000000002	0	-8.66481e-33	-9.88067e-30	-2.2275699999999999e-32	0.0005	0.245	
11860	1.96722	3.90439e-06	1.94486e-05	451.98800000000006	318.012	76.3685	101.67200000000001	2469.97	0.0322983	0.00295335	208.328	0.150114	3267.99	1382.01	0.588521	0.244535	6.799810000000001	0.7374539999999999	-1.1004899999999998e-30	-3.9414699999999997e-29	19.9997	-9.86735e-29	5.90228e-08	1.16025e-07	-5.776539999999999e-32	-9.091769999999999e-29	0.699635	0.00019191	-5.69543e-31	178.955	33.3182	0.065509	0.321821	7.596069999999999e-05	0	-1.44472e-31	0.00018992	0	-8.686530000000001e-33	-9.880189999999999e-30	-2.2717299999999997e-32	0.0005	0.244535	
11880	1.96722	3.90439e-06	1.94486e-05	451.345	318.655	76.7435	101.404	2469.97	0.0322987	0.00292773	208.59599999999998	0.150093	3262.2	1387.8	0.587394	0.244067	6.799810000000001	0.737349	-1.09959e-30	-3.9382699999999996e-29	19.9997	-9.859719999999999e-29	5.91172e-08	1.16261e-07	-5.78296e-32	-9.102909999999999e-29	0.696228	0.000190973	-5.673919999999999e-31	179.083	33.3188	0.06518070000000001	0.320208	7.61177e-05	0	-1.44633e-31	0.00019031200000000002	0	-8.936069999999999e-33	-9.879860000000001e-30	-2.30002e-32	0.0005	0.244067	
11900	1.96722	3.90439e-06	1.94486e-05	450.702	319.298	77.1188	101.137	2469.97	0.032299	0.00290241	208.863	0.150069	3256.41	1393.59	0.5862609999999999	0.24359699999999998	6.799810000000001	0.737232	-1.09867e-30	-3.935e-29	19.9997	-9.852129999999999e-29	5.921159999999999e-08	1.1649699999999999e-07	-5.78935e-32	-9.11403e-29	0.692852	0.00019004400000000003	-5.652579999999999e-31	179.21099999999998	33.3194	0.06485419999999999	0.318604	7.62746e-05	0	-1.44792e-31	0.000190705	0	-9.29487e-33	-9.88022e-30	-2.26708e-32	0.0005	0.24359699999999998	
11920	1.96722	3.90439e-06	1.94486e-05	450.059	319.941	77.4943	100.87100000000001	2469.97	0.032299400000000006	0.00287738	209.12900000000002	0.150042	3250.64	1399.36	0.58512	0.243123	6.799810000000001	0.737102	-1.09797e-30	-3.9324e-29	19.9997	-9.843899999999999e-29	5.9306099999999994e-08	1.16734e-07	-5.79579e-32	-9.125149999999999e-29	0.6895060000000001	0.00018912400000000001	-5.6314399999999995e-31	179.338	33.3199	0.06452959999999999	0.31701	7.64315e-05	0	-1.4495399999999999e-31	0.000191098	0	-8.80161e-33	-9.88038e-30	-2.3148299999999997e-32	0.0005	0.243123	
11940	1.96722	3.90439e-06	1.94486e-05	449.417	320.58299999999997	77.8701	100.605	2469.97	0.0322998	0.00285262	209.395	0.150013	3244.88	1405.12	0.583972	0.242646	6.799810000000001	0.736961	-1.09705e-30	-3.92915e-29	19.9997	-9.83637e-29	5.94005e-08	1.1697000000000001e-07	-5.80219e-32	-9.136259999999999e-29	0.686189	0.00018821099999999998	-5.610489999999999e-31	179.465	33.3204	0.0642068	0.315425	7.658840000000001e-05	0	-1.45114e-31	0.00019149	0	-9.177629999999998e-33	-9.88036e-30	-2.27279e-32	0.0005	0.242646	
11960	1.96722	3.90439e-06	1.94486e-05	448.775	321.225	78.2461	100.34	2469.97	0.0323001	0.00282815	209.66	0.149982	3239.13	1410.87	0.582817	0.242166	6.799810000000001	0.736809	-1.09621e-30	-3.9261199999999994e-29	19.9997	-9.828459999999998e-29	5.94949e-08	1.17206e-07	-5.808590000000001e-32	-9.14736e-29	0.682901	0.000187307	-5.5896899999999996e-31	179.59099999999998	33.3209	0.06388590000000001	0.313848	7.674529999999999e-05	0	-1.4527399999999998e-31	0.000191883	0	-8.94035e-33	-9.880679999999999e-30	-2.26174e-32	0.0005	0.242166	
11980	1.96722	3.90439e-06	1.94486e-05	448.134	321.866	78.6224	100.075	2469.97	0.0323005	0.00280395	209.925	0.149949	3233.39	1416.61	0.581655	0.241684	6.799810000000001	0.736644	-1.0953299999999998e-30	-3.92296e-29	19.9997	-9.82076e-29	5.95894e-08	1.1744300000000001e-07	-5.81498e-32	-9.158450000000001e-29	0.679643	0.00018641	-5.56908e-31	179.71599999999998	33.3214	0.0635668	0.312281	7.69023e-05	0	-1.45434e-31	0.000192276	0	-9.02284e-33	-9.88076e-30	-2.2551999999999998e-32	0.0005	0.241684	
12000	1.96722	3.90439e-06	1.94486e-05	447.49300000000005	322.507	78.9989	99.8113	2469.97	0.0323008	0.00278002	210.18900000000002	0.14991300000000002	3227.66	1422.34	0.580487	0.24119899999999997	6.799810000000001	0.7364689999999999	-1.0944699999999999e-30	-3.9199e-29	19.9997	-9.812989999999999e-29	5.968380000000001e-08	1.1767899999999999e-07	-5.82137e-32	-9.16953e-29	0.676413	0.000185522	-5.54862e-31	179.84099999999998	33.3219	0.0632495	0.310723	7.70592e-05	0	-1.4559399999999998e-31	0.000192668	0	-8.98144e-33	-9.88093e-30	-2.2601599999999998e-32	0.0005	0.24119899999999997	
12020	1.96722	3.90439e-06	1.94486e-05	446.853	323.147	79.3757	99.5481	2469.97	0.0323012	0.00275635	210.452	0.149874	3221.95	1428.05	0.579313	0.240711	6.799810000000001	0.7362810000000001	-1.0936e-30	-3.91678e-29	19.9997	-9.805219999999998e-29	5.977819999999999e-08	1.17915e-07	-5.82775e-32	-9.180599999999999e-29	0.673211	0.00018464099999999998	-5.528349999999999e-31	179.965	33.3223	0.062934	0.309173	7.72161e-05	0	-1.45754e-31	0.000193061	0	-8.943700000000001e-33	-9.88106e-30	-2.2347799999999997e-32	0.0005	0.240711	
12040	1.96722	3.90439e-06	1.94486e-05	446.213	323.78700000000003	79.7527	99.2856	2469.97	0.0323015	0.00273295	210.71400000000003	0.149834	3216.25	1433.75	0.578132	0.24022	6.799810000000001	0.736083	-1.09274e-30	-3.9136999999999994e-29	19.9997	-9.797489999999999e-29	5.98726e-08	1.1815200000000001e-07	-5.834119999999999e-32	-9.191659999999999e-29	0.670037	0.00018376799999999998	-5.5082299999999995e-31	180.08900000000003	33.3227	0.0626203	0.307632	7.7373e-05	0	-1.45913e-31	0.00019345400000000002	0	-8.86283e-33	-9.8811e-30	-2.21904e-32	0.0005	0.24022	
12060	1.96722	3.9043800000000006e-06	1.94485e-05	445.57300000000004	324.427	80.13	99.0237	2469.97	0.0323018	0.00270981	210.976	0.149791	3210.55	1439.45	0.5769449999999999	0.239727	6.799810000000001	0.735873	-1.0918799999999998e-30	-3.9106199999999994e-29	19.9997	-9.789790000000001e-29	5.99671e-08	1.1838800000000001e-07	-5.84049e-32	-9.2027e-29	0.666891	0.000182902	-5.48829e-31	180.21200000000002	33.3232	0.0623085	0.306101	7.75299e-05	0	-1.46073e-31	0.000193846	0	-8.8769e-33	-9.88112e-30	-2.22213e-32	0.0005	0.239727	
12080	1.96722	3.9043800000000006e-06	1.94485e-05	444.934	325.066	80.5075	98.7625	2469.97	0.03230209999999999	0.00268692	211.237	0.149746	3204.87	1445.13	0.575752	0.23923200000000003	6.799810000000001	0.7356520000000001	-1.09102e-30	-3.90754e-29	19.9997	-9.782069999999999e-29	6.00615e-08	1.1862399999999999e-07	-5.846849999999999e-32	-9.213739999999999e-29	0.663772	0.00018204400000000002	-5.4685e-31	180.334	33.3235	0.061998300000000006	0.304577	7.76868e-05	0	-1.46232e-31	0.00019423900000000002	0	-8.86763e-33	-9.881149999999999e-30	-2.2199799999999998e-32	0.0005	0.23923200000000003	
12100	1.96722	3.9043800000000006e-06	1.94485e-05	444.295	325.705	80.8853	98.50200000000001	2469.97	0.0323024	0.00266429	211.498	0.149699	3199.21	1450.79	0.574553	0.238734	6.799810000000001	0.73542	-1.09016e-30	-3.90446e-29	19.9997	-9.774389999999999e-29	6.015590000000001e-08	1.1886e-07	-5.853209999999999e-32	-9.22477e-29	0.660679	0.00018119299999999998	-5.4488799999999995e-31	180.456	33.3239	0.061689999999999995	0.303063	7.78438e-05	0	-1.4639099999999999e-31	0.000194632	0	-8.83762e-33	-9.881160000000001e-30	-2.2084999999999998e-32	0.0005	0.238734	
12120	1.96722	3.90437e-06	1.94485e-05	443.657	326.343	81.2632	98.2421	2469.97	0.0323027	0.0026419	211.75799999999998	0.149649	3193.55	1456.45	0.573349	0.238234	6.7998	0.7351770000000001	-1.0893099999999999e-30	-3.9014e-29	19.9997	-9.766719999999999e-29	6.02503e-08	1.1909700000000001e-07	-5.85956e-32	-9.23578e-29	0.657614	0.00018035	-5.429419999999999e-31	180.577	33.3243	0.061383400000000005	0.301557	7.80007e-05	0	-1.4655e-31	0.00019502400000000002	0	-8.806129999999999e-33	-9.881139999999998e-30	-2.19924e-32	0.0005	0.238234	
12140	1.96722	3.90437e-06	1.94485e-05	443.019	326.981	81.6415	97.9828	2469.97	0.032303	0.00261976	212.017	0.149597	3187.91	1462.09	0.5721390000000001	0.237731	6.7998	0.734924	-1.08845e-30	-3.8983399999999997e-29	19.9997	-9.759049999999999e-29	6.03447e-08	1.19333e-07	-5.865809999999999e-32	-9.24662e-29	0.654574	0.000179514	-5.41011e-31	180.697	33.3247	0.061078499999999994	0.30006	7.81576e-05	0	-1.4670799999999998e-31	0.000195417	0	-8.790129999999999e-33	-9.881089999999999e-30	-2.19579e-32	0.0005	0.237731	
12160	1.96722	3.90436e-06	1.94484e-05	442.38199999999995	327.618	82.0199	97.7242	2469.97	0.0323033	0.00259786	212.27599999999998	0.149543	3182.27	1467.73	0.570923	0.23722600000000002	6.7998	0.7346600000000001	-1.0875899999999999e-30	-3.89526e-29	19.9997	-9.75134e-29	6.04392e-08	1.19569e-07	-5.87198e-32	-9.25729e-29	0.65156	0.000178685	-5.390939999999999e-31	180.817	33.325	0.0607754	0.29857100000000003	7.83145e-05	0	-1.46863e-31	0.00019581	0	-8.787649999999999e-33	-9.88103e-30	-2.1973399999999999e-32	0.0005	0.23722600000000002	
12180	1.96722	3.90436e-06	1.94484e-05	441.745	328.255	82.3986	97.4663	2469.97	0.032303500000000006	0.0025762	212.53400000000002	0.14948699999999998	3176.65	1473.35	0.569702	0.236719	6.7998	0.7343850000000001	-1.08674e-30	-3.89221e-29	19.9997	-9.7437e-29	6.05336e-08	1.19806e-07	-5.87817e-32	-9.267999999999999e-29	0.648572	0.000177863	-5.371929999999999e-31	180.93599999999998	33.3253	0.060474	0.29709	7.84714e-05	0	-1.47018e-31	0.000196202	0	-8.8039e-33	-9.88098e-30	-2.20155e-32	0.0005	0.236719	
12200	1.96722	3.90435e-06	1.94484e-05	441.108	328.892	82.7775	97.209	2469.97	0.0323038	0.00255478	212.791	0.149429	3171.04	1478.96	0.568476	0.23621	6.7998	0.7341	-1.0858799999999998e-30	-3.88913e-29	19.9997	-9.735979999999999e-29	6.0628e-08	1.20042e-07	-5.884199999999999e-32	-9.278319999999999e-29	0.645609	0.000177048	-5.35292e-31	181.055	33.3256	0.06017430000000001	0.295618	7.862840000000001e-05	0	-1.47171e-31	0.000196595	0	-8.79219e-33	-9.88093e-30	-2.19652e-32	0.0005	0.23621	
12220	1.96722	3.90435e-06	1.9448299999999998e-05	440.472	329.528	83.1566	96.9523	2469.97	0.0323041	0.00253358	213.048	0.149369	3165.45	1484.55	0.567245	0.235698	6.7998	0.733805	-1.0850200000000001e-30	-3.88605e-29	19.9997	-9.72829e-29	6.07224e-08	1.20278e-07	-5.890129999999999e-32	-9.288819999999999e-29	0.642672	0.00017623900000000002	-5.33406e-31	181.173	33.3259	0.0598763	0.29415399999999997	7.878529999999999e-05	0	-1.4732e-31	0.000196988	0	-8.783379999999999e-33	-9.880869999999999e-30	-2.1954099999999997e-32	0.0005	0.235698	
12240	1.96722	3.90434e-06	1.9448299999999998e-05	439.837	330.163	83.5359	96.6963	2469.97	0.0323043	0.00251262	213.304	0.149306	3159.86	1490.14	0.566009	0.23518499999999998	6.7998	0.733499	-1.08417e-30	-3.8829999999999996e-29	19.9997	-9.72066e-29	6.081680000000001e-08	1.2051500000000002e-07	-5.8965e-32	-9.299729999999999e-29	0.639759	0.00017543799999999998	-5.31541e-31	181.29	33.3262	0.059579999999999994	0.292699	7.89422e-05	0	-1.47474e-31	0.00019738	0	-8.81144e-33	-9.88082e-30	-2.2037299999999995e-32	0.0005	0.23518499999999998	
12260	1.96722	3.9043300000000004e-06	1.9448299999999998e-05	439.202	330.798	83.9155	96.441	2469.97	0.032304599999999996	0.00249188	213.55900000000003	0.149242	3154.29	1495.71	0.564768	0.23466900000000002	6.7998	0.733183	-1.08332e-30	-3.87994e-29	19.9997	-9.712979999999999e-29	6.09112e-08	1.2075100000000002e-07	-5.90283e-32	-9.310739999999999e-29	0.6368699999999999	0.000174643	-5.29705e-31	181.407	33.3264	0.0592854	0.291252	7.90991e-05	0	-1.47631e-31	0.000197773	0	-8.81151e-33	-9.880789999999999e-30	-2.2042900000000003e-32	0.0005	0.23466900000000002	
12280	1.96722	3.9043300000000004e-06	1.9448199999999998e-05	438.56699999999995	331.43300000000005	84.2953	96.1862	2469.97	0.0323048	0.00247136	213.81400000000002	0.149176	3148.73	1501.27	0.563523	0.234152	6.7998	0.732857	-1.0824600000000001e-30	-3.87688e-29	19.9997	-9.705319999999999e-29	6.10056e-08	1.20987e-07	-5.909119999999999e-32	-9.321879999999999e-29	0.634005	0.000173855	-5.2788e-31	181.524	33.3267	0.0589924	0.289813	7.9256e-05	0	-1.4779099999999999e-31	0.00019816599999999997	0	-8.837549999999999e-33	-9.88076e-30	-2.2105999999999997e-32	0.0005	0.234152	
12300	1.96722	3.90432e-06	1.9448199999999998e-05	437.93199999999996	332.06800000000004	84.6753	95.9322	2469.97	0.032305	0.00245106	214.06799999999998	0.149107	3143.19	1506.81	0.5622729999999999	0.23363299999999998	6.7998	0.732521	-1.08161e-30	-3.87382e-29	19.9997	-9.697669999999999e-29	6.11e-08	1.21224e-07	-5.915659999999999e-32	-9.332989999999999e-29	0.6311640000000001	0.000173074	-5.260969999999999e-31	181.639	33.3269	0.0587011	0.288382	7.94129e-05	0	-1.47949e-31	0.000198558	0	-8.84425e-33	-9.88076e-30	-2.21483e-32	0.0005	0.23363299999999998	
12320	1.96722	3.90431e-06	1.9448199999999998e-05	437.29900000000004	332.70099999999996	85.0555	95.6787	2469.97	0.0323052	0.00243098	214.321	0.149037	3137.65	1512.35	0.561018	0.23311199999999999	6.7998	0.732176	-1.08076e-30	-3.87079e-29	19.9997	-9.69009e-29	6.11944e-08	1.2145999999999998e-07	-5.92201e-32	-9.343999999999999e-29	0.628347	0.00017229900000000003	-5.24281e-31	181.755	33.3271	0.0584114	0.286959	7.95698e-05	0	-1.4811299999999998e-31	0.00019895099999999997	0	-8.83273e-33	-9.880749999999999e-30	-2.2067e-32	0.0005	0.23311199999999999	
12340	1.96722	3.9043e-06	1.94481e-05	436.665	333.335	85.4359	95.4259	2469.97	0.0323055	0.00241111	214.574	0.148964	3132.13	1517.87	0.55976	0.232589	6.7998	0.73182	-1.0799099999999999e-30	-3.8677399999999997e-29	19.9997	-9.68244e-29	6.12888e-08	1.21696e-07	-5.928239999999999e-32	-9.35483e-29	0.625553	0.00017153	-5.22472e-31	181.86900000000003	33.3273	0.058123400000000006	0.285545	7.97268e-05	0	-1.4827e-31	0.000199343	0	-8.81267e-33	-9.88071e-30	-2.20474e-32	0.0005	0.232589	
12360	1.96722	3.90429e-06	1.94481e-05	436.032	333.968	85.8165	95.1737	2469.97	0.0323057	0.00239146	214.826	0.14889000000000002	3126.62	1523.38	0.558497	0.232064	6.7998	0.731455	-1.07906e-30	-3.8647099999999996e-29	19.9997	-9.67486e-29	6.13832e-08	1.2193199999999998e-07	-5.93454e-32	-9.36577e-29	0.622782	0.000170768	-5.20696e-31	181.983	33.3275	0.057837	0.284138	7.98837e-05	0	-1.48427e-31	0.00019973599999999997	0	-8.82704e-33	-9.880679999999999e-30	-2.2078e-32	0.0005	0.232064	
12380	1.96722	3.90428e-06	1.9448e-05	435.399	334.601	86.1974	94.9222	2469.97	0.032305900000000005	0.00237201	215.078	0.148813	3121.12	1528.88	0.55723	0.23153800000000002	6.7998	0.7310800000000001	-1.07822e-30	-3.86167e-29	19.9997	-9.66724e-29	6.14776e-08	1.2216900000000001e-07	-5.9408e-32	-9.376639999999999e-29	0.620034	0.000170012	-5.18937e-31	182.097	33.3277	0.05755219999999999	0.28273899999999996	8.00406e-05	0	-1.4858399999999998e-31	0.000200129	0	-8.82691e-33	-9.88066e-30	-2.2078599999999996e-32	0.0005	0.23153800000000002	
12400	1.96722	3.90428e-06	1.9448e-05	434.767	335.233	86.5784	94.6713	2469.97	0.0323061	0.00235277	215.329	0.14873499999999998	3115.64	1534.36	0.555959	0.23101	6.7998	0.730696	-1.07737e-30	-3.85864e-29	19.9997	-9.65967e-29	6.157199999999999e-08	1.2240500000000002e-07	-5.947080000000001e-32	-9.38753e-29	0.617308	0.00016926200000000002	-5.17195e-31	182.21	33.3279	0.0572691	0.281348	8.01975e-05	0	-1.4874099999999998e-31	0.00020052099999999997	0	-8.834639999999999e-33	-9.880639999999999e-30	-2.2105299999999997e-32	0.0005	0.23101	
12420	1.96722	3.90427e-06	1.94479e-05	434.13599999999997	335.86400000000003	86.9596	94.421	2469.97	0.032306299999999996	0.00233372	215.579	0.14865499999999998	3110.16	1539.84	0.5546840000000001	0.23048000000000002	6.7998	0.7303029999999999	-1.0765199999999999e-30	-3.85561e-29	19.9997	-9.652069999999999e-29	6.16664e-08	1.22641e-07	-5.95335e-32	-9.3984e-29	0.6146050000000001	0.000168518	-5.154679999999999e-31	182.322	33.328	0.0569875	0.279965	8.03544e-05	0	-1.48898e-31	0.000200914	0	-8.836629999999998e-33	-9.88063e-30	-2.21145e-32	0.0005	0.23048000000000002	
12440	1.96722	3.90426e-06	1.94479e-05	433.504	336.496	87.3411	94.1714	2469.97	0.0323065	0.00231488	215.829	0.148573	3104.7	1545.3	0.553405	0.229949	6.7998	0.7299	-1.0756799999999999e-30	-3.85257e-29	19.9997	-9.644479999999999e-29	6.176080000000001e-08	1.22878e-07	-5.95962e-32	-9.409249999999999e-29	0.611923	0.00016778	-5.13753e-31	182.43400000000003	33.3282	0.05670750000000001	0.27859	8.05113e-05	0	-1.49055e-31	0.00020130700000000002	0	-8.84354e-33	-9.88063e-30	-2.21327e-32	0.0005	0.229949	
12460	1.96722	3.90425e-06	1.94478e-05	432.874	337.126	87.7227	93.9223	2469.97	0.0323066	0.00229624	216.078	0.148489	3099.26	1550.74	0.5521229999999999	0.229417	6.7998	0.729488	-1.0748399999999999e-30	-3.84958e-29	19.9997	-9.636999999999999e-29	6.185519999999999e-08	1.23114e-07	-5.965889999999999e-32	-9.4201e-29	0.609263	0.000167049	-5.12052e-31	182.545	33.3283	0.056429099999999996	0.27722199999999997	8.06682e-05	0	-1.49212e-31	0.000201699	0	-8.839520000000001e-33	-9.88063e-30	-2.20911e-32	0.0005	0.229417	
12480	1.96722	3.90424e-06	1.94478e-05	432.24300000000005	337.75699999999995	88.1046	93.67399999999999	2469.97	0.0323068	0.00227779	216.326	0.148403	3093.82	1556.18	0.550837	0.22888200000000003	6.7998	0.729067	-1.07419e-30	-3.8473299999999996e-29	19.9997	-9.6331e-29	6.19496e-08	1.2335e-07	-5.97218e-32	-9.43094e-29	0.606625	0.00016632299999999999	-5.103649999999999e-31	182.65599999999998	33.3284	0.0561523	0.275862	8.08252e-05	0	-1.4936899999999998e-31	0.00020209200000000002	0	-1.1014299999999999e-32	-9.88072e-30	-3.3619599999999995e-32	0.0005	0.22888200000000003	
12500	1.96722	3.9042199999999995e-06	1.94477e-05	431.61300000000006	338.38699999999994	88.4866	93.4262	2469.97	0.032307	0.00225954	216.574	0.148315	3088.4	1561.6	0.5495479999999999	0.22834699999999997	6.7998	0.728638	-1.07419e-30	-3.8471699999999997e-29	19.9997	-9.62899e-29	6.2044e-08	1.23587e-07	-5.97863e-32	-9.44178e-29	0.604007	0.00016560299999999998	-5.087e-31	182.766	33.3285	0.055876999999999996	0.27451	8.09821e-05	0	-1.49529e-31	0.000202485	0	-1.6658999999999997e-32	-9.88541e-30	-4.3199199999999996e-32	0.0005	0.22834699999999997	
12520	1.96722	3.90421e-06	1.94477e-05	430.98400000000004	339.01599999999996	88.8688	93.1791	2469.97	0.0323072	0.00224147	216.821	0.148226	3082.99	1567.01	0.5482560000000001	0.22780999999999998	6.7998	0.7281989999999999	-1.07307e-30	-3.84319e-29	19.9997	-9.620620000000001e-29	6.21384e-08	1.23823e-07	-5.984869999999999e-32	-9.45261e-29	0.6014109999999999	0.000164889	-5.07047e-31	182.87599999999998	33.3286	0.05560319999999999	0.27316599999999996	8.1139e-05	0	-1.49688e-31	0.00020287700000000002	0	-1.2815199999999998e-32	-9.892669999999999e-30	-3.42244e-32	0.0005	0.22780999999999998	
12540	1.96722	3.9042e-06	1.94476e-05	430.355	339.645	89.2512	92.9325	2469.97	0.0323073	0.00222359	217.067	0.148135	3077.59	1572.41	0.54696	0.22727199999999997	6.7998	0.727751	-1.07221e-30	-3.84017e-29	19.9997	-9.613379999999999e-29	6.22328e-08	1.24059e-07	-5.9911e-32	-9.463419999999999e-29	0.5988359999999999	0.00016418	-5.05394e-31	182.985	33.3287	0.0553311	0.271829	8.12959e-05	0	-1.4984299999999998e-31	0.00020327	0	-1.25196e-32	-9.895849999999999e-30	-3.23114e-32	0.0005	0.22727199999999997	
12560	1.96722	3.904190000000001e-06	1.94475e-05	429.726	340.274	89.6338	92.6867	2469.97	0.032307499999999996	0.0022059000000000002	217.313	0.148042	3072.21	1577.79	0.545661	0.22673200000000002	6.7998	0.727295	-1.07141e-30	-3.83728e-29	19.9997	-9.60609e-29	6.23272e-08	1.2429500000000002e-07	-5.997349999999999e-32	-9.47423e-29	0.5962810000000001	0.000163477	-5.0375799999999996e-31	183.09400000000002	33.3288	0.0550604	0.270499	8.14528e-05	0	-1.5e-31	0.000203663	0	-1.18648e-32	-9.899229999999999e-30	-3.0908000000000003e-32	0.0005	0.22673200000000002	
12580	1.96722	3.90418e-06	1.94475e-05	429.098	340.902	90.0166	92.4414	2469.97	0.0323076	0.00218838	217.55900000000003	0.147947	3066.84	1583.16	0.5443600000000001	0.226192	6.7998	0.72683	-1.07052e-30	-3.8340999999999995e-29	19.9997	-9.59834e-29	6.24215e-08	1.2453200000000002e-07	-6.00358e-32	-9.48503e-29	0.593746	0.00016278	-5.021339999999999e-31	183.202	33.3288	0.05479119999999999	0.269177	8.16097e-05	0	-1.5015599999999999e-31	0.000204055	0	-1.0869299999999999e-32	-9.902059999999999e-30	-2.80149e-32	0.0005	0.226192	
12600	1.96722	3.9041599999999996e-06	1.94474e-05	428.47	341.53	90.3996	92.1967	2469.97	0.0323078	0.00217105	217.803	0.14785	3061.48	1588.52	0.5430550000000001	0.22565	6.7998	0.7263569999999999	-1.06971e-30	-3.83119e-29	19.9997	-9.590839999999999e-29	6.25159e-08	1.24768e-07	-6.00981e-32	-9.49582e-29	0.5912310000000001	0.00016208799999999998	-5.0052e-31	183.30900000000003	33.3288	0.0545236	0.267862	8.17666e-05	0	-1.50311e-31	0.000204448	0	-1.0597399999999998e-32	-9.903689999999999e-30	-2.71633e-32	0.0005	0.22565	
12620	1.96722	3.9041500000000006e-06	1.94473e-05	427.843	342.157	90.7827	91.9527	2469.97	0.0323079	0.0021539000000000003	218.047	0.147752	3056.14	1593.86	0.541748	0.22510700000000003	6.7998	0.725875	-1.06885e-30	-3.82813e-29	19.9997	-9.58335e-29	6.261029999999999e-08	1.25004e-07	-6.01604e-32	-9.5066e-29	0.588737	0.000161402	-4.989199999999999e-31	183.416	33.3289	0.05425750000000001	0.26655500000000004	8.19235e-05	0	-1.50467e-31	0.00020484	0	-1.0201399999999999e-32	-9.905319999999998e-30	-2.6063099999999995e-32	0.0005	0.22510700000000003	
12640	1.96722	3.90414e-06	1.94473e-05	427.216	342.784	91.1661	91.7093	2469.97	0.032307999999999996	0.00213692	218.291	0.147652	3050.8	1599.2	0.540438	0.22456199999999998	6.79979	0.7253850000000001	-1.06802e-30	-3.82515e-29	19.9997	-9.57576e-29	6.27047e-08	1.25241e-07	-6.02226e-32	-9.51737e-29	0.586262	0.000160721	-4.97331e-31	183.523	33.3289	0.0539928	0.265255	8.208040000000001e-05	0	-1.50623e-31	0.000205233	0	-9.879049999999998e-33	-9.90653e-30	-2.5079199999999997e-32	0.0005	0.22456199999999998	
12660	1.96722	3.90412e-06	1.94472e-05	426.59	343.41	91.5496	91.4665	2469.97	0.0323082	0.00212011	218.53400000000002	0.147551	3045.48	1604.52	0.539125	0.224017	6.79979	0.7248859999999999	-1.06717e-30	-3.82212e-29	19.9997	-9.56826e-29	6.27991e-08	1.25477e-07	-6.028469999999999e-32	-9.528129999999998e-29	0.583806	0.000160045	-4.95754e-31	183.62900000000002	33.3289	0.053729599999999995	0.263963	8.22373e-05	0	-1.5077899999999999e-31	0.00020562599999999999	0	-9.650139999999999e-33	-9.907389999999999e-30	-2.4457299999999997e-32	0.0005	0.224017	
12680	1.96722	3.90411e-06	1.94471e-05	425.964	344.036	91.9333	91.2243	2469.97	0.0323083	0.00210347	218.77599999999998	0.147448	3040.18	1609.82	0.53781	0.223471	6.79979	0.72438	-1.06634e-30	-3.8191199999999995e-29	19.9997	-9.560709999999998e-29	6.28934e-08	1.25713e-07	-6.034680000000001e-32	-9.538879999999998e-29	0.5813689999999999	0.000159375	-4.94189e-31	183.734	33.3289	0.053467999999999995	0.262677	8.23942e-05	0	-1.50934e-31	0.000206018	0	-9.4973e-33	-9.908119999999999e-30	-2.4008199999999998e-32	0.0005	0.223471	
12700	1.96722	3.9041000000000004e-06	1.94471e-05	425.339	344.661	92.3171	90.9827	2469.97	0.0323084	0.00208701	219.017	0.147343	3034.88	1615.12	0.536493	0.222923	6.79979	0.723865	-1.0654899999999999e-30	-3.81611e-29	19.9997	-9.55319e-29	6.298780000000001e-08	1.25949e-07	-6.04088e-32	-9.549620000000001e-29	0.578952	0.00015871	-4.92635e-31	183.83900000000003	33.3289	0.0532077	0.261399	8.255110000000001e-05	0	-1.5108899999999998e-31	0.00020641099999999999	0	-9.35118e-33	-9.90868e-30	-2.3576e-32	0.0005	0.222923	
12720	1.96722	3.90408e-06	1.9447000000000002e-05	424.714	345.286	92.7011	90.7418	2469.97	0.0323085	0.00207071	219.25799999999998	0.14723599999999998	3029.6	1620.4	0.535173	0.222375	6.79979	0.723342	-1.06466e-30	-3.81312e-29	19.9997	-9.54568e-29	6.308219999999999e-08	1.2618600000000002e-07	-6.04708e-32	-9.56035e-29	0.576553	0.00015805	-4.91092e-31	183.94299999999998	33.3289	0.052949	0.260128	8.2708e-05	0	-1.5124499999999998e-31	0.00020680400000000002	0	-9.24157e-33	-9.909099999999999e-30	-2.3270499999999997e-32	0.0005	0.222375	
12740	1.96722	3.90407e-06	1.9446900000000002e-05	424.089	345.911	93.0853	90.5014	2469.97	0.0323086	0.00205457	219.49900000000002	0.147128	3024.34	1625.66	0.5338510000000001	0.22182600000000002	6.79979	0.722812	-1.06382e-30	-3.8101e-29	19.9997	-9.538129999999999e-29	6.31766e-08	1.2642200000000002e-07	-6.05328e-32	-9.571069999999999e-29	0.574172	0.000157395	-4.89561e-31	184.047	33.3288	0.05269159999999999	0.258864	8.2865e-05	0	-1.514e-31	0.00020719599999999999	0	-9.176129999999998e-33	-9.909439999999999e-30	-2.30812e-32	0.0005	0.22182600000000002	
12760	1.96722	3.9040499999999995e-06	1.94468e-05	423.465	346.535	93.4697	90.2617	2469.97	0.032308699999999996	0.0020386	219.738	0.147018	3019.08	1630.92	0.5325270000000001	0.22127600000000003	6.79979	0.7222729999999999	-1.0629799999999998e-30	-3.80708e-29	19.9997	-9.530559999999999e-29	6.32709e-08	1.2665800000000002e-07	-6.05954e-32	-9.58194e-29	0.571811	0.000156745	-4.8804199999999995e-31	184.15099999999998	33.3288	0.052435699999999995	0.25760700000000003	8.30219e-05	0	-1.51555e-31	0.00020758900000000002	0	-9.09173e-33	-9.909709999999999e-30	-2.28124e-32	0.0005	0.22127600000000003	
12780	1.96722	3.90404e-06	1.94468e-05	422.842	347.158	93.8542	90.0225	2469.97	0.0323088	0.00202279	219.977	0.14690699999999998	3013.84	1636.16	0.531201	0.220725	6.79979	0.721727	-1.0621299999999999e-30	-3.80406e-29	19.9997	-9.52301e-29	6.33653e-08	1.26895e-07	-6.065819999999999e-32	-9.592829999999999e-29	0.5694670000000001	0.00015610100000000002	-4.865399999999999e-31	184.25400000000002	33.3287	0.0521813	0.256357	8.31788e-05	0	-1.51713e-31	0.000207982	0	-9.022909999999999e-33	-9.909889999999998e-30	-2.2646399999999997e-32	0.0005	0.220725	
12800	1.96722	3.90402e-06	1.94467e-05	422.218	347.782	94.2389	89.78399999999999	2469.97	0.0323089	0.00200713	220.21599999999998	0.146794	3008.61	1641.39	0.5298729999999999	0.220173	6.79979	0.721173	-1.0612899999999999e-30	-3.8010599999999995e-29	19.9997	-9.515479999999999e-29	6.34597e-08	1.27131e-07	-6.07205e-32	-9.603559999999999e-29	0.567141	0.000155461	-4.8505e-31	184.356	33.3287	0.051928199999999994	0.255114	8.33357e-05	0	-1.51869e-31	0.00020837400000000002	0	-8.98486e-33	-9.91002e-30	-2.2485499999999996e-32	0.0005	0.220173	
12820	1.96722	3.903999999999999e-06	1.94466e-05	421.596	348.404	94.6238	89.546	2469.97	0.032309	0.00199164	220.454	0.14668	3003.4	1646.6	0.528543	0.219621	6.79979	0.720612	-1.0604499999999999e-30	-3.79803e-29	19.9997	-9.507909999999999e-29	6.3554e-08	1.27367e-07	-6.07837e-32	-9.614659999999999e-29	0.564833	0.000154826	-4.83568e-31	184.458	33.3286	0.051676599999999996	0.253878	8.349260000000001e-05	0	-1.52026e-31	0.000208767	0	-8.890199999999999e-33	-9.910089999999999e-30	-2.22459e-32	0.0005	0.219621	
12840	1.96722	3.90399e-06	1.94465e-05	420.973	349.027	95.0088	89.3087	2469.97	0.0323091	0.00197629	220.69099999999997	0.146564	2998.2	1651.8	0.527211	0.21906799999999998	6.79979	0.720043	-1.0596099999999999e-30	-3.79504e-29	19.9997	-9.500409999999999e-29	6.36484e-08	1.27603e-07	-6.08471e-32	-9.62544e-29	0.562543	0.000154196	-4.821009999999999e-31	184.55900000000003	33.3285	0.051426400000000004	0.25264899999999996	8.36495e-05	0	-1.52185e-31	0.00020915900000000002	0	-8.896829999999999e-33	-9.910099999999999e-30	-2.22844e-32	0.0005	0.21906799999999998	
12860	1.96722	3.90397e-06	1.94464e-05	420.352	349.648	95.39399999999999	89.072	2469.97	0.0323091	0.0019611	220.928	0.146447	2993.01	1656.99	0.525878	0.21851399999999999	6.79979	0.719467	-1.05877e-30	-3.79203e-29	19.9997	-9.492899999999999e-29	6.37428e-08	1.2784e-07	-6.09079e-32	-9.63601e-29	0.5602699999999999	0.00015357	-4.80629e-31	184.66	33.3284	0.0511775	0.25142600000000004	8.380639999999999e-05	0	-1.5234e-31	0.000209552	0	-8.89274e-33	-9.91013e-30	-2.2242799999999998e-32	0.0005	0.21851399999999999	
12880	1.96722	3.90395e-06	1.94463e-05	419.73	350.27	95.7793	88.8359	2469.97	0.032309199999999996	0.00194606	221.16400000000002	0.14632799999999999	2987.83	1662.17	0.524543	0.217959	6.79979	0.7188829999999999	-1.0579399999999999e-30	-3.7890399999999996e-29	19.9997	-9.48541e-29	6.38371e-08	1.2807600000000001e-07	-6.097e-32	-9.646700000000001e-29	0.558014	0.00015295	-4.79173e-31	184.761	33.3283	0.0509301	0.250211	8.39633e-05	0	-1.52493e-31	0.000209945	0	-8.84303e-33	-9.910139999999999e-30	-2.21006e-32	0.0005	0.217959	
12900	1.96722	3.90394e-06	1.94462e-05	419.10900000000004	350.89099999999996	96.1648	88.6003	2469.97	0.0323093	0.00193117	221.4	0.146207	2982.67	1667.33	0.523207	0.217404	6.79979	0.718292	-1.0570999999999999e-30	-3.78604e-29	19.9997	-9.477870000000001e-29	6.39315e-08	1.2831200000000002e-07	-6.10308e-32	-9.657229999999999e-29	0.555775	0.000152334	-4.77737e-31	184.861	33.3282	0.050684	0.249002	8.41202e-05	0	-1.5264699999999998e-31	0.000210337	0	-8.83169e-33	-9.910099999999999e-30	-2.20716e-32	0.0005	0.217404	
12920	1.96722	3.90392e-06	1.94462e-05	418.48900000000003	351.51099999999997	96.5504	88.3654	2469.97	0.0323093	0.00191643	221.635	0.146085	2977.52	1672.48	0.5218689999999999	0.216848	6.79979	0.7176939999999999	-1.05626e-30	-3.78302e-29	19.9997	-9.470329999999999e-29	6.40259e-08	1.28549e-07	-6.109309999999999e-32	-9.667969999999998e-29	0.553553	0.00015172299999999998	-4.76296e-31	184.96	33.328	0.050439300000000006	0.2478	8.427709999999999e-05	0	-1.5280099999999998e-31	0.00021073	0	-8.813059999999999e-33	-9.910049999999999e-30	-2.2010499999999998e-32	0.0005	0.216848	
12940	1.96722	3.9039e-06	1.94461e-05	417.869	352.131	96.9362	88.1311	2469.97	0.0323094	0.00190183	221.86900000000003	0.14596199999999998	2972.38	1677.62	0.52053	0.216292	6.79979	0.7170890000000001	-1.0554199999999999e-30	-3.78003e-29	19.9997	-9.46286e-29	6.41202e-08	1.28785e-07	-6.11548e-32	-9.678620000000001e-29	0.551348	0.000151116	-4.74874e-31	185.05900000000003	33.3279	0.050196	0.24660500000000002	8.4434e-05	0	-1.52955e-31	0.000211122	0	-8.80793e-33	-9.909989999999999e-30	-2.20181e-32	0.0005	0.216292	
12960	1.96722	3.90388e-06	1.9446e-05	417.249	352.751	97.3221	87.8973	2469.97	0.0323094	0.00188737	222.10299999999998	0.145837	2967.26	1682.74	0.519189	0.21573499999999998	6.79979	0.716476	-1.05459e-30	-3.77706e-29	19.9997	-9.45543e-29	6.42146e-08	1.29021e-07	-6.12143e-32	-9.689159999999999e-29	0.5491590000000001	0.000150514	-4.73466e-31	185.158	33.3278	0.049954000000000005	0.245416	8.45909e-05	0	-1.53108e-31	0.000211515	0	-8.82198e-33	-9.909929999999999e-30	-2.20506e-32	0.0005	0.21573499999999998	
12980	1.96722	3.90386e-06	1.94459e-05	416.63	353.37	97.7081	87.6642	2469.97	0.032309500000000005	0.00187306	222.33599999999998	0.14571099999999998	2962.15	1687.85	0.5178470000000001	0.215177	6.79979	0.715857	-1.05376e-30	-3.77409e-29	19.9997	-9.447989999999999e-29	6.430889999999999e-08	1.29257e-07	-6.12774e-32	-9.69978e-29	0.546987	0.000149916	-4.720669999999999e-31	185.25599999999997	33.3276	0.0497133	0.244234	8.474780000000001e-05	0	-1.53261e-31	0.000211908	0	-8.813620000000001e-33	-9.90987e-30	-2.2015999999999998e-32	0.0005	0.215177	
13000	1.96722	3.90385e-06	1.94458e-05	416.01199999999994	353.98800000000006	98.0944	87.4316	2469.97	0.032309500000000005	0.00185888	222.56799999999998	0.145584	2957.05	1692.95	0.516505	0.21461999999999998	6.79979	0.7152310000000001	-1.05293e-30	-3.77112e-29	19.9997	-9.440549999999999e-29	6.44033e-08	1.29494e-07	-6.133699999999999e-32	-9.7102e-29	0.54483	0.00014932299999999998	-4.7066e-31	185.35299999999998	33.3274	0.049474000000000004	0.243058	8.490459999999999e-05	0	-1.5341499999999998e-31	0.0002123	0	-8.77941e-33	-9.909799999999999e-30	-2.1899199999999996e-32	0.0005	0.21461999999999998	
13020	1.96722	3.90383e-06	1.94457e-05	415.394	354.606	98.4807	87.1997	2469.97	0.0323096	0.00184485	222.8	0.145455	2951.97	1698.03	0.515161	0.214061	6.79979	0.714598	-1.0521099999999999e-30	-3.76815e-29	19.9997	-9.4331e-29	6.449759999999999e-08	1.2972999999999998e-07	-6.13973e-32	-9.72062e-29	0.54269	0.000148734	-4.69271e-31	185.45	33.3273	0.049236	0.241889	8.50615e-05	0	-1.53564e-31	0.000212693	0	-8.788799999999999e-33	-9.9097e-30	-2.19754e-32	0.0005	0.214061	
13040	1.96722	3.90381e-06	1.94456e-05	414.776	355.224	98.8672	86.9683	2469.97	0.0323096	0.00183095	223.032	0.145325	2946.9	1703.1	0.5138159999999999	0.21350300000000003	6.79979	0.713959	-1.0512799999999998e-30	-3.7651799999999997e-29	19.9997	-9.42569e-29	6.4592e-08	1.2996600000000001e-07	-6.145819999999999e-32	-9.73118e-29	0.540566	0.00014815	-4.67892e-31	185.547	33.3271	0.0489993	0.240727	8.52184e-05	0	-1.53716e-31	0.000213085	0	-8.847679999999999e-33	-9.909639999999998e-30	-2.2134599999999997e-32	0.0005	0.21350300000000003	
13060	1.96722	3.90379e-06	1.94455e-05	414.159	355.841	99.2538	86.7375	2469.97	0.0323096	0.00181718	223.263	0.14519300000000002	2941.84	1708.16	0.512471	0.212944	6.79979	0.713312	-1.05045e-30	-3.76223e-29	19.9997	-9.41828e-29	6.46864e-08	1.3020200000000002e-07	-6.15195e-32	-9.74178e-29	0.538457	0.000147569	-4.665129999999999e-31	185.643	33.3269	0.048764	0.239571	8.537530000000001e-05	0	-1.5386999999999999e-31	0.000213478	0	-8.847239999999999e-33	-9.90962e-30	-2.21285e-32	0.0005	0.212944	
13080	1.96722	3.903769999999999e-06	1.94454e-05	413.542	356.458	99.6406	86.5073	2469.97	0.0323097	0.00180355	223.493	0.14506	2936.8	1713.2	0.511124	0.21238400000000002	6.79979	0.7126600000000001	-1.04962e-30	-3.7592499999999997e-29	19.9997	-9.410809999999999e-29	6.47807e-08	1.30439e-07	-6.158039999999999e-32	-9.75236e-29	0.5363640000000001	0.000146994	-4.65153e-31	185.739	33.3267	0.0485299	0.238421	8.55322e-05	0	-1.54022e-31	0.00021387099999999997	0	-8.847069999999999e-33	-9.90959e-30	-2.2122399999999998e-32	0.0005	0.21238400000000002	
13100	1.96722	3.90375e-06	1.9445299999999998e-05	412.926	357.074	100.027	86.2777	2469.97	0.0323097	0.00179005	223.722	0.144926	2931.77	1718.23	0.509777	0.21182399999999998	6.79979	0.7120000000000001	-1.0487799999999998e-30	-3.75626e-29	19.9997	-9.403309999999999e-29	6.4875e-08	1.30675e-07	-6.16419e-32	-9.76304e-29	0.5342859999999999	0.000146422	-4.63811e-31	185.834	33.3265	0.0482971	0.237277	8.568909999999999e-05	0	-1.5417499999999999e-31	0.000214263	0	-8.88317e-33	-9.90958e-30	-2.22811e-32	0.0005	0.21182399999999998	
13120	1.96722	3.903730000000001e-06	1.94452e-05	412.31	357.69	100.415	86.0486	2469.97	0.0323097	0.00177668	223.951	0.14479	2926.75	1723.25	0.508429	0.21126399999999998	6.79979	0.711335	-1.0479499999999999e-30	-3.75328e-29	19.9997	-9.3959e-29	6.49694e-08	1.30911e-07	-6.17029e-32	-9.773629999999999e-29	0.532223	0.000145854	-4.62487e-31	185.929	33.3263	0.0480656	0.23614000000000002	8.5846e-05	0	-1.5432899999999999e-31	0.00021465599999999997	0	-8.90619e-33	-9.909609999999999e-30	-2.22839e-32	0.0005	0.21126399999999998	
13140	1.96722	3.9037099999999994e-06	1.94451e-05	411.694	358.306	100.802	85.8202	2469.97	0.0323097	0.00176344	224.18	0.144653	2921.75	1728.25	0.507081	0.210704	6.79978	0.710663	-1.0471299999999998e-30	-3.75034e-29	19.9997	-9.388509999999999e-29	6.506369999999999e-08	1.31147e-07	-6.176359999999999e-32	-9.78395e-29	0.530175	0.000145291	-4.61161e-31	186.023	33.326	0.04783540000000001	0.23500900000000002	8.60029e-05	0	-1.54481e-31	0.000215048	0	-8.88067e-33	-9.909639999999998e-30	-2.2232399999999999e-32	0.0005	0.210704	
13160	1.96722	3.9036900000000006e-06	1.9445e-05	411.079	358.921	101.189	85.5923	2469.97	0.0323097	0.00175032	224.408	0.144515	2916.76	1733.24	0.505732	0.210144	6.79978	0.7099840000000001	-1.0463099999999999e-30	-3.74738e-29	19.9997	-9.38111e-29	6.51581e-08	1.31384e-07	-6.18234e-32	-9.794319999999999e-29	0.528142	0.000144732	-4.598259999999999e-31	186.11700000000002	33.3258	0.0476065	0.23388499999999998	8.61598e-05	0	-1.54631e-31	0.00021544099999999997	0	-8.888459999999999e-33	-9.90965e-30	-2.2244999999999998e-32	0.0005	0.210144	
13180	1.96722	3.90366e-06	1.94449e-05	410.465	359.535	101.57600000000001	85.365	2469.97	0.0323097	0.00173733	224.635	0.144376	2911.78	1738.22	0.504382	0.209583	6.79978	0.7093	-1.0454799999999999e-30	-3.7444399999999997e-29	19.9997	-9.373739999999999e-29	6.52524e-08	1.3162e-07	-6.18834e-32	-9.80478e-29	0.5261239999999999	0.000144177	-4.585029999999999e-31	186.21099999999998	33.3255	0.0473788	0.23276599999999997	8.63167e-05	0	-1.54782e-31	0.000215834	0	-8.882459999999999e-33	-9.909669999999999e-30	-2.22303e-32	0.0005	0.209583	
13200	1.96722	3.9036400000000005e-06	1.94448e-05	409.851	360.149	101.964	85.1383	2469.97	0.0323097	0.00172447	224.862	0.144235	2906.82	1743.18	0.5030319999999999	0.20902199999999999	6.79978	0.708609	-1.04466e-30	-3.7415e-29	19.9997	-9.36643e-29	6.534680000000001e-08	1.31856e-07	-6.19433e-32	-9.815339999999999e-29	0.52412	0.000143625	-4.57196e-31	186.304	33.3253	0.0471524	0.231654	8.64735e-05	0	-1.54933e-31	0.00021622599999999997	0	-8.873569999999998e-33	-9.909669999999999e-30	-2.21956e-32	0.0005	0.20902199999999999	
13220	1.96722	3.90362e-06	1.94447e-05	409.23699999999997	360.76300000000003	102.352	84.9122	2469.97	0.0323097	0.00171172	225.088	0.144093	2901.87	1748.13	0.501682	0.208461	6.79978	0.707912	-1.0434599999999999e-30	-3.73705e-29	19.9997	-9.352399999999999e-29	6.54411e-08	1.32092e-07	-6.20044e-32	-9.82583e-29	0.522131	0.000143078	-4.55917e-31	186.396	33.325	0.0469272	0.230548	8.66304e-05	0	-1.5508399999999999e-31	0.000216619	0	-6.95143e-33	-9.90883e-30	-1.3085e-32	0.0005	0.208461	
13240	1.96722	3.9036e-06	1.94445e-05	408.624	361.376	102.73899999999999	84.6866	2469.97	0.0323097	0.0016991	225.313	0.14395	2896.93	1753.07	0.500332	0.2079	6.79978	0.70721	-1.04176e-30	-3.73109e-29	19.9997	-9.34053e-29	6.553539999999999e-08	1.3232900000000002e-07	-6.20623e-32	-9.836299999999999e-29	0.5201560000000001	0.000142535	-4.546229999999999e-31	186.488	33.3248	0.0467033	0.229448	8.67873e-05	0	-1.5523199999999998e-31	0.00021701099999999997	0	-3.77319e-33	-9.90471e-30	-9.534479999999999e-33	0.0005	0.2079	
13260	1.96722	3.90358e-06	1.94444e-05	408.01199999999994	361.98800000000006	103.12700000000001	84.4616	2469.97	0.0323097	0.0016866	225.53799999999998	0.143806	2892.01	1757.99	0.49898100000000006	0.207339	6.79978	0.706501	-1.04121e-30	-3.7290999999999996e-29	19.9997	-9.33441e-29	6.56298e-08	1.32565e-07	-6.21237e-32	-9.84678e-29	0.518196	0.000141995	-4.53339e-31	186.58	33.3245	0.0464805	0.228354	8.69442e-05	0	-1.55381e-31	0.000217404	0	-6.25889e-33	-9.899669999999999e-30	-1.53062e-32	0.0005	0.207339	
13280	1.96722	3.90355e-06	1.94443e-05	407.399	362.601	103.515	84.2372	2469.97	0.0323097	0.00167421	225.763	0.14365999999999998	2887.1	1762.9	0.49763	0.20677800000000002	6.79978	0.7057869999999999	-1.04045e-30	-3.72633e-29	19.9997	-9.32734e-29	6.57241e-08	1.32801e-07	-6.21842e-32	-9.85725e-29	0.516249	0.00014146	-4.52078e-31	186.671	33.3242	0.0462591	0.227266	8.710110000000001e-05	0	-1.55534e-31	0.00021779599999999997	0	-6.98968e-33	-9.89708e-30	-1.7824099999999998e-32	0.0005	0.20677800000000002	
13300	1.96722	3.90353e-06	1.94442e-05	406.788	363.212	103.90299999999999	84.0134	2469.97	0.0323097	0.00166195	225.987	0.143513	2882.2	1767.8	0.49628	0.206217	6.79978	0.705066	-1.03947e-30	-3.7228899999999996e-29	19.9997	-9.319409999999999e-29	6.58184e-08	1.33037e-07	-6.224449999999999e-32	-9.8677e-29	0.514316	0.000140928	-4.508169999999999e-31	186.762	33.3239	0.046038800000000005	0.22618400000000002	8.7258e-05	0	-1.5568499999999999e-31	0.000218189	0	-7.155e-33	-9.89515e-30	-1.8082599999999997e-32	0.0005	0.206217	
13320	1.96722	3.90351e-06	1.9444100000000002e-05	406.17699999999996	363.82300000000004	104.292	83.7901	2469.97	0.0323097	0.00164979	226.21	0.14336600000000002	2877.32	1772.68	0.494929	0.205656	6.79978	0.70434	-1.0386799999999999e-30	-3.72003e-29	19.9997	-9.312379999999999e-29	6.59128e-08	1.33274e-07	-6.230459999999999e-32	-9.878139999999999e-29	0.512397	0.00014040000000000002	-4.49564e-31	186.852	33.3236	0.0458197	0.225108	8.74148e-05	0	-1.55835e-31	0.00021858200000000002	0	-7.788589999999999e-33	-9.89311e-30	-2.0085199999999998e-32	0.0005	0.205656	
13340	1.96722	3.90349e-06	1.9444000000000002e-05	405.566	364.434	104.68	83.5674	2469.97	0.0323096	0.00163775	226.433	0.143217	2872.45	1777.55	0.49357799999999996	0.205094	6.79978	0.703609	-1.0378299999999998e-30	-3.71704e-29	19.9997	-9.305299999999999e-29	6.600710000000001e-08	1.3350999999999998e-07	-6.23651e-32	-9.888579999999999e-29	0.510491	0.00013987600000000001	-4.48324e-31	186.942	33.3233	0.0456019	0.22403800000000001	8.75717e-05	0	-1.5598699999999998e-31	0.000218974	0	-8.261139999999999e-33	-9.892019999999999e-30	-2.09974e-32	0.0005	0.205094	
13360	1.96722	3.90346e-06	1.9443900000000002e-05	404.95599999999996	365.04400000000004	105.068	83.3453	2469.97	0.0323096	0.00162583	226.655	0.143066	2867.59	1782.41	0.492227	0.204533	6.79978	0.702871	-1.0369999999999999e-30	-3.7140599999999996e-29	19.9997	-9.297819999999999e-29	6.61014e-08	1.3374599999999999e-07	-6.242519999999999e-32	-9.898999999999999e-29	0.508599	0.000139355	-4.47089e-31	187.032	33.323	0.0453852	0.222973	8.772860000000001e-05	0	-1.5613699999999999e-31	0.00021936700000000002	0	-8.187489999999998e-33	-9.891130000000001e-30	-2.1694900000000002e-32	0.0005	0.204533	
13380	1.96722	3.90344e-06	1.9443699999999998e-05	404.346	365.654	105.45700000000001	83.1237	2469.97	0.0323096	0.00161401	226.87599999999998	0.14291500000000001	2862.75	1787.25	0.49087700000000006	0.20397200000000001	6.79978	0.702129	-1.0362299999999998e-30	-3.71129e-29	19.9997	-9.290419999999999e-29	6.61958e-08	1.33982e-07	-6.248559999999999e-32	-9.90942e-29	0.50672	0.000138838	-4.458639999999999e-31	187.12099999999998	33.3227	0.04516969999999999	0.221915	8.78855e-05	0	-1.5628799999999998e-31	0.000219759	0	-8.690989999999999e-33	-9.8902e-30	-2.21868e-32	0.0005	0.20397200000000001	
13400	1.96722	3.9034100000000005e-06	1.9443599999999998e-05	403.736	366.264	105.846	82.9027	2469.97	0.032309500000000005	0.00160231	227.097	0.142763	2857.92	1792.08	0.489526	0.20341099999999998	6.79978	0.70138	-1.0354e-30	-3.7083099999999997e-29	19.9997	-9.28318e-29	6.629010000000001e-08	1.3421900000000002e-07	-6.254580000000001e-32	-9.91983e-29	0.504854	0.000138325	-4.4464699999999995e-31	187.209	33.3223	0.044955400000000006	0.220862	8.80424e-05	0	-1.56439e-31	0.00022015200000000002	0	-8.756529999999999e-33	-9.88995e-30	-2.2410200000000002e-32	0.0005	0.20341099999999998	
13420	1.96722	3.90339e-06	1.9443499999999998e-05	403.12699999999995	366.87300000000005	106.234	82.6823	2469.97	0.032309500000000005	0.00159071	227.31799999999998	0.14260899999999999	2853.1	1796.9	0.488176	0.20285	6.79978	0.700627	-1.0346099999999999e-30	-3.70544e-29	19.9997	-9.27577e-29	6.638439999999999e-08	1.34455e-07	-6.260590000000001e-32	-9.930219999999999e-29	0.5030020000000001	0.000137815	-4.43439e-31	187.298	33.321999999999996	0.0447423	0.219815	8.81992e-05	0	-1.5659e-31	0.000220544	0	-8.57e-33	-9.88921e-30	-2.3206700000000002e-32	0.0005	0.20285	
13440	1.96722	3.90337e-06	1.9443399999999998e-05	402.519	367.481	106.62299999999999	82.4624	2469.97	0.0323094	0.00157923	227.53799999999998	0.142455	2848.29	1801.71	0.48682700000000007	0.202289	6.79978	0.699868	-1.03375e-30	-3.70242e-29	19.9997	-9.26862e-29	6.647869999999999e-08	1.34691e-07	-6.2666e-32	-9.94061e-29	0.501162	0.000137309	-4.4223699999999994e-31	187.385	33.3217	0.04453030000000001	0.21877399999999997	8.83561e-05	0	-1.5674e-31	0.00022093700000000002	0	-9.090790000000001e-33	-9.8885e-30	-2.3274799999999998e-32	0.0005	0.202289	
13460	1.96722	3.90334e-06	1.94433e-05	401.911	368.089	107.012	82.2431	2469.97	0.0323094	0.00156785	227.757	0.142299	2843.5	1806.5	0.48547799999999997	0.201729	6.79978	0.699104	-1.03297e-30	-3.69959e-29	19.9997	-9.26127e-29	6.65731e-08	1.34927e-07	-6.272599999999999e-32	-9.950989999999999e-29	0.49933500000000003	0.00013680700000000002	-4.41043e-31	187.47299999999998	33.3213	0.0443195	0.21773800000000001	8.8513e-05	0	-1.5689e-31	0.000221329	0	-9.12341e-33	-9.888819999999998e-30	-2.2934e-32	0.0005	0.201729	
13480	1.96722	3.90332e-06	1.94431e-05	401.30400000000003	368.69599999999997	107.40100000000001	82.0243	2469.97	0.0323094	0.00155657	227.976	0.14214200000000002	2838.73	1811.27	0.484129	0.201168	6.79978	0.698334	-1.0320499999999999e-30	-3.69632e-29	19.9997	-9.253009999999999e-29	6.666739999999999e-08	1.35164e-07	-6.28142e-32	-9.96787e-29	0.497521	0.000136307	-4.399119999999999e-31	187.56	33.321	0.0441099	0.21670799999999998	8.86699e-05	0	-1.57065e-31	0.00022172200000000002	0	-1.0322299999999999e-32	-9.88939e-30	-2.893e-32	0.0005	0.201168	
13500	1.96722	3.90329e-06	1.9443e-05	400.69699999999995	369.30300000000005	107.79	81.8061	2469.97	0.0323093	0.0015454000000000002	228.19400000000002	0.141985	2833.96	1816.04	0.48278000000000004	0.20060799999999998	6.79978	0.6975600000000001	-1.03097e-30	-3.6923599999999997e-29	19.9997	-9.241729999999999e-29	6.67617e-08	1.3539999999999998e-07	-6.30028e-32	-1.0003299999999999e-28	0.49571899999999997	0.00013581200000000002	-4.39215e-31	187.646	33.3206	0.0439014	0.21568400000000001	8.88267e-05	0	-1.57422e-31	0.000222115	0	-1.7050099999999997e-32	-9.89343e-30	-4.8382899999999995e-32	0.0005	0.20060799999999998	
13520	1.96722	3.90327e-06	1.94429e-05	400.09	369.91	108.18	81.5885	2469.97	0.032309199999999996	0.00153433	228.41099999999997	0.141826	2829.21	1820.79	0.481433	0.200048	6.79978	0.6967800000000001	-1.02999e-30	-3.6889099999999994e-29	19.9997	-9.234499999999999e-29	6.6856e-08	1.3563599999999998e-07	-6.311290000000001e-32	-1.00162e-28	0.49393000000000004	0.00013531899999999998	-4.38799e-31	187.733	33.3202	0.043694	0.21466500000000002	8.89836e-05	0	-1.57864e-31	0.00022250700000000002	0	-1.67599e-32	-9.902289999999999e-30	-4.29939e-32	0.0005	0.200048	
13540	1.96722	3.9032400000000004e-06	1.94427e-05	399.48400000000004	370.51599999999996	108.569	81.3714	2469.97	0.032309199999999996	0.00152336	228.62900000000002	0.14166600000000001	2824.47	1825.53	0.48008500000000004	0.199489	6.79978	0.6959960000000001	-1.0293e-30	-3.6864299999999997e-29	19.9997	-9.22779e-29	6.69503e-08	1.35872e-07	-6.314859999999999e-32	-1.0021799999999999e-28	0.49215299999999995	0.000134831	-4.37763e-31	187.81799999999998	33.3198	0.0434877	0.213652	8.91405e-05	0	-1.58007e-31	0.0002229	0	-1.25782e-32	-9.908989999999999e-30	-3.4874099999999994e-32	0.0005	0.199489	
13560	1.96722	3.90321e-06	1.94426e-05	398.87800000000004	371.12199999999996	108.958	81.1549	2469.97	0.0323091	0.00151249	228.845	0.141505	2819.75	1830.25	0.478739	0.198929	6.79978	0.695206	-1.02855e-30	-3.6836799999999995e-29	19.9997	-9.220129999999999e-29	6.70447e-08	1.3610900000000002e-07	-6.32072e-32	-1.0033399999999999e-28	0.490388	0.000134345	-4.36403e-31	187.90400000000002	33.3195	0.0432826	0.21264499999999997	8.929729999999999e-05	0	-1.5806699999999998e-31	0.00022329200000000002	0	-1.31036e-32	-9.911969999999999e-30	-3.28154e-32	0.0005	0.198929	
13580	1.96722	3.90319e-06	1.94425e-05	398.273	371.727	109.348	80.9389	2469.97	0.032309	0.00150172	229.06099999999998	0.141344	2815.04	1834.96	0.477393	0.19837	6.79978	0.694411	-1.0275799999999998e-30	-3.6803e-29	19.9997	-9.213049999999999e-29	6.7139e-08	1.36345e-07	-6.3282e-32	-1.00455e-28	0.48863599999999996	0.000133863	-4.35392e-31	187.989	33.3191	0.0430786	0.211642	8.94542e-05	0	-1.5830299999999997e-31	0.000223685	0	-1.2259799999999998e-32	-9.9157e-30	-3.1792999999999997e-32	0.0005	0.19837	
13600	1.96722	3.90316e-06	1.94424e-05	397.66900000000004	372.33099999999996	109.738	80.7235	2469.97	0.032309	0.00149105	229.27599999999998	0.141181	2810.34	1839.66	0.47604799999999997	0.197811	6.79978	0.693612	-1.0267399999999998e-30	-3.67733e-29	19.9997	-9.206059999999999e-29	6.723330000000001e-08	1.36581e-07	-6.334619999999999e-32	-1.0054899999999999e-28	0.48689499999999997	0.000133384	-4.34377e-31	188.07299999999998	33.3187	0.042875699999999996	0.210646	8.96111e-05	0	-1.58489e-31	0.00022407700000000002	0	-1.1083e-32	-9.919489999999999e-30	-2.80198e-32	0.0005	0.197811	
13620	1.96722	3.90314e-06	1.94422e-05	397.065	372.935	110.12700000000001	80.5086	2469.97	0.0323089	0.00148048	229.49099999999999	0.141017	2805.66	1844.34	0.474704	0.19725299999999998	6.79978	0.692808	-1.02602e-30	-3.6747e-29	19.9997	-9.198649999999999e-29	6.732760000000001e-08	1.36817e-07	-6.34005e-32	-1.0064999999999999e-28	0.485166	0.000132908	-4.33202e-31	188.157	33.3183	0.0426739	0.209654	8.97679e-05	0	-1.58617e-31	0.00022447	0	-1.05633e-32	-9.921689999999999e-30	-2.5777799999999996e-32	0.0005	0.19725299999999998	
13640	1.96722	3.90311e-06	1.94421e-05	396.461	373.539	110.51700000000001	80.2943	2469.97	0.0323088	0.00147	229.706	0.140852	2800.99	1849.01	0.47336000000000006	0.196694	6.79978	0.691999	-1.0252e-30	-3.67176e-29	19.9997	-9.191379999999999e-29	6.742189999999999e-08	1.37053e-07	-6.345459999999999e-32	-1.0075899999999999e-28	0.48344899999999996	0.000132436	-4.31978e-31	188.24099999999999	33.3179	0.042473199999999996	0.208669	8.992479999999999e-05	0	-1.58726e-31	0.00022486200000000002	0	-9.74257e-33	-9.922619999999999e-30	-2.6216499999999994e-32	0.0005	0.196694	
13660	1.96722	3.90308e-06	1.94419e-05	395.858	374.142	110.90700000000001	80.0805	2469.97	0.032308699999999996	0.00145962	229.919	0.14068699999999998	2796.33	1853.67	0.47201800000000005	0.19613699999999998	6.79977	0.691186	-1.0244999999999999e-30	-3.66919e-29	19.9997	-9.183829999999999e-29	6.75162e-08	1.3729e-07	-6.3528e-32	-1.00861e-28	0.48174399999999995	0.000131967	-4.309199999999999e-31	188.324	33.3174	0.0422736	0.207688	9.00817e-05	0	-1.58918e-31	0.000225255	0	-1.01767e-32	-9.92353e-30	-2.49267e-32	0.0005	0.19613699999999998	
13680	1.96722	3.90305e-06	1.94418e-05	395.255	374.745	111.29700000000001	79.8673	2469.97	0.032308699999999996	0.00144933	230.13299999999998	0.14052	2791.68	1858.32	0.47067600000000004	0.195579	6.79977	0.690368	-1.0235899999999998e-30	-3.66601e-29	19.9997	-9.176979999999999e-29	6.76105e-08	1.3752599999999998e-07	-6.35821e-32	-1.00962e-28	0.48005	0.00013150100000000001	-4.29886e-31	188.407	33.317	0.0420751	0.206713	9.023850000000001e-05	0	-1.59107e-31	0.00022564700000000002	0	-9.31327e-33	-9.92432e-30	-2.4809099999999995e-32	0.0005	0.195579	
13700	1.96722	3.90303e-06	1.94417e-05	394.653	375.347	111.68700000000001	79.6546	2469.97	0.0323086	0.00143913	230.345	0.140353	2787.05	1862.95	0.469336	0.195022	6.79977	0.689545	-1.02273e-30	-3.66294e-29	19.9997	-9.169959999999999e-29	6.77048e-08	1.3776199999999999e-07	-6.36372e-32	-1.01065e-28	0.478367	0.000131038	-4.28691e-31	188.49	33.3166	0.0418776	0.20574299999999998	9.03954e-05	0	-1.59196e-31	0.00022604	0	-9.464379999999998e-33	-9.92457e-30	-2.4476499999999996e-32	0.0005	0.195022	
13720	1.96722	3.903e-06	1.94415e-05	394.051	375.949	112.07700000000001	79.4425	2469.97	0.0323085	0.00142902	230.55700000000002	0.140184	2782.43	1867.57	0.467996	0.194466	6.79977	0.688718	-1.02197e-30	-3.6602099999999996e-29	19.9997	-9.162599999999999e-29	6.779910000000002e-08	1.37998e-07	-6.3692e-32	-1.01168e-28	0.476696	0.00013057799999999998	-4.27507e-31	188.572	33.3161	0.041681199999999995	0.204778	9.05522e-05	0	-1.59309e-31	0.00022643200000000002	0	-9.70127e-33	-9.92518e-30	-2.3743599999999996e-32	0.0005	0.194466	
13740	1.96722	3.902969999999999e-06	1.94414e-05	393.449	376.551	112.46700000000001	79.2309	2469.97	0.0323084	0.00141901	230.769	0.140015	2777.83	1872.17	0.466658	0.19391	6.79977	0.687887	-1.02112e-30	-3.65719e-29	19.9997	-9.15551e-29	6.789339999999999e-08	1.38234e-07	-6.37516e-32	-1.0127e-28	0.47503599999999996	0.000130121	-4.264159999999999e-31	188.65400000000002	33.3157	0.041485900000000006	0.203818	9.07091e-05	0	-1.59468e-31	0.000226825	0	-9.185459999999998e-33	-9.925939999999999e-30	-2.35515e-32	0.0005	0.19391	
13760	1.96722	3.902940000000001e-06	1.94413e-05	392.849	377.151	112.85700000000001	79.0199	2469.97	0.0323083	0.00140909	230.98	0.139845	2773.24	1876.76	0.46531999999999996	0.193354	6.79977	0.687051	-1.02034e-30	-3.65437e-29	19.9997	-9.148209999999999e-29	6.79877e-08	1.38471e-07	-6.381019999999999e-32	-1.01372e-28	0.473387	0.000129668	-4.2531799999999995e-31	188.735	33.3153	0.0412917	0.20286400000000002	9.086600000000001e-05	0	-1.5960599999999998e-31	0.00022721700000000002	0	-9.29384e-33	-9.92628e-30	-2.3305899999999998e-32	0.0005	0.193354	
13780	1.96722	3.90292e-06	1.94411e-05	392.24800000000005	377.75199999999995	113.24799999999999	78.8094	2469.97	0.0323082	0.00139925	231.19099999999997	0.139674	2768.66	1881.34	0.463984	0.192799	6.79977	0.686211	-1.01954e-30	-3.6514999999999996e-29	19.9997	-9.141059999999999e-29	6.8082e-08	1.38707e-07	-6.386859999999999e-32	-1.01475e-28	0.471749	0.00012921700000000002	-4.242159999999999e-31	188.81599999999997	33.3148	0.04109840000000001	0.201915	9.102280000000001e-05	0	-1.5974599999999999e-31	0.00022761	0	-9.194389999999998e-33	-9.92656e-30	-2.3053599999999998e-32	0.0005	0.192799	
13800	1.96722	3.90289e-06	1.9441e-05	391.648	378.352	113.63799999999999	78.5994	2469.97	0.0323081	0.0013895	231.40099999999998	0.139502	2764.09	1885.91	0.462649	0.192244	6.79977	0.685366	-1.0187299999999998e-30	-3.64863e-29	19.9997	-9.13394e-29	6.81763e-08	1.38943e-07	-6.392819999999999e-32	-1.01577e-28	0.47012200000000004	0.00012876899999999999	-4.231459999999999e-31	188.89700000000002	33.3143	0.04090630000000001	0.200971	9.11797e-05	0	-1.59901e-31	0.00022800200000000002	0	-9.058129999999999e-33	-9.926849999999999e-30	-2.28255e-32	0.0005	0.192244	
13820	1.96722	3.90286e-06	1.94408e-05	391.04900000000004	378.95099999999996	114.029	78.39	2469.97	0.032307999999999996	0.00137984	231.61	0.139329	2759.54	1890.46	0.461316	0.19169	6.79977	0.6845180000000001	-1.01794e-30	-3.6457899999999995e-29	19.9997	-9.126749999999999e-29	6.827060000000001e-08	1.39179e-07	-6.398739999999999e-32	-1.01679e-28	0.46850600000000003	0.000128325	-4.2208499999999995e-31	188.977	33.3139	0.040715100000000004	0.200032	9.13365e-05	0	-1.6004799999999998e-31	0.000228395	0	-9.06782e-33	-9.92702e-30	-2.26799e-32	0.0005	0.19169	
13840	1.96722	3.9028300000000005e-06	1.94407e-05	390.45	379.55	114.419	78.1811	2469.97	0.0323079	0.00137026	231.81900000000002	0.139155	2755.0	1895.0	0.459983	0.191136	6.79977	0.683665	-1.01714e-30	-3.64291e-29	19.9997	-9.11959e-29	6.83649e-08	1.39415e-07	-6.404619999999999e-32	-1.01781e-28	0.4669	0.000127883	-4.2101799999999995e-31	189.05700000000002	33.3134	0.040525	0.199098	9.14934e-05	0	-1.60193e-31	0.00022878700000000002	0	-9.013729999999999e-33	-9.927139999999998e-30	-2.26378e-32	0.0005	0.191136	
13860	1.96722	3.9028e-06	1.9440499999999998e-05	389.852	380.148	114.81	77.9727	2469.97	0.0323078	0.00136077	232.02700000000002	0.138981	2750.48	1899.52	0.45865200000000006	0.190583	6.79977	0.682808	-1.01634e-30	-3.64005e-29	19.9997	-9.112419999999999e-29	6.84592e-08	1.3965199999999999e-07	-6.41054e-32	-1.0188299999999998e-28	0.465305	0.000127444	-4.19964e-31	189.137	33.3129	0.0403359	0.198169	9.16502e-05	0	-1.6034300000000002e-31	0.00022918	0	-8.98067e-33	-9.92726e-30	-2.24955e-32	0.0005	0.190583	
13880	1.96722	3.90277e-06	1.94404e-05	389.254	380.746	115.2	77.7649	2469.97	0.0323077	0.00135137	232.235	0.13880499999999998	2745.96	1904.04	0.457322	0.190031	6.79977	0.6819470000000001	-1.01555e-30	-3.63721e-29	19.9997	-9.105309999999999e-29	6.855349999999999e-08	1.39888e-07	-6.41645e-32	-1.01985e-28	0.463721	0.000127008	-4.18919e-31	189.21599999999998	33.3124	0.04014790000000001	0.197245	9.180709999999999e-05	0	-1.6049099999999999e-31	0.00022957200000000002	0	-8.937719999999999e-33	-9.927339999999999e-30	-2.23594e-32	0.0005	0.190031	
13900	1.96722	3.90274e-06	1.94402e-05	388.656	381.344	115.59100000000001	77.5576	2469.97	0.032307499999999996	0.00134204	232.442	0.138629	2741.46	1908.54	0.45599399999999995	0.189479	6.79977	0.681083	-1.01475e-30	-3.63436e-29	19.9997	-9.098159999999999e-29	6.864780000000001e-08	1.40124e-07	-6.42233e-32	-1.0208700000000001e-28	0.46214700000000003	0.000126575	-4.1787599999999995e-31	189.295	33.312	0.0399608	0.196326	9.19639e-05	0	-1.60638e-31	0.000229965	0	-8.91453e-33	-9.92737e-30	-2.2331699999999997e-32	0.0005	0.189479	
13920	1.96722	3.90271e-06	1.94401e-05	388.059	381.941	115.98200000000001	77.3508	2469.97	0.0323074	0.0013327999999999999	232.649	0.138452	2736.98	1913.02	0.454667	0.18892799999999998	6.79977	0.680214	-1.01395e-30	-3.6314899999999995e-29	19.9997	-9.090969999999999e-29	6.87421e-08	1.4036e-07	-6.42822e-32	-1.0218899999999998e-28	0.460583	0.000126145	-4.16841e-31	189.373	33.3115	0.039774800000000006	0.195413	9.21208e-05	0	-1.6078499999999997e-31	0.00023035700000000002	0	-8.922269999999999e-33	-9.927389999999999e-30	-2.2330499999999998e-32	0.0005	0.18892799999999998	
13940	1.96722	3.90268e-06	1.94399e-05	387.463	382.537	116.37200000000001	77.1446	2469.97	0.0323073	0.00132364	232.855	0.138275	2732.5	1917.5	0.453342	0.188377	6.79977	0.679341	-1.01315e-30	-3.62863e-29	19.9997	-9.08383e-29	6.88364e-08	1.40596e-07	-6.434109999999999e-32	-1.02291e-28	0.459029	0.00012571700000000002	-4.15813e-31	189.451	33.311	0.0395897	0.194503	9.22776e-05	0	-1.6093299999999998e-31	0.00023075	0	-8.90544e-33	-9.927419999999998e-30	-2.2282799999999998e-32	0.0005	0.188377	
13960	1.96722	3.90265e-06	1.94398e-05	386.866	383.134	116.76299999999999	76.9389	2469.97	0.0323072	0.00131456	233.06099999999998	0.138096	2728.04	1921.96	0.45201800000000003	0.187827	6.79977	0.678465	-1.01236e-30	-3.6258e-29	19.9997	-9.076729999999999e-29	6.89307e-08	1.40833e-07	-6.43999e-32	-1.02392e-28	0.45748599999999995	0.00012529299999999998	-4.14791e-31	189.52900000000002	33.3105	0.039405699999999995	0.193599	9.243450000000001e-05	0	-1.6107999999999999e-31	0.00023114200000000002	0	-8.88343e-33	-9.92741e-30	-2.2232099999999998e-32	0.0005	0.187827	
13980	1.96722	3.902619999999999e-06	1.94396e-05	386.27099999999996	383.72900000000004	117.154	76.7337	2469.97	0.0323071	0.00130556	233.266	0.137917	2723.59	1926.41	0.450696	0.187277	6.79977	0.677584	-1.0115700000000001e-30	-3.6229499999999996e-29	19.9997	-9.06959e-29	6.902489999999999e-08	1.41069e-07	-6.445859999999999e-32	-1.02494e-28	0.455952	0.000124871	-4.13774e-31	189.606	33.3099	0.0392226	0.1927	9.259129999999999e-05	0	-1.6122699999999997e-31	0.000231535	0	-8.876509999999999e-33	-9.927389999999999e-30	-2.21883e-32	0.0005	0.187277	
14000	1.96722	3.90259e-06	1.94395e-05	385.676	384.324	117.545	76.5291	2469.97	0.0323069	0.00129663	233.47099999999998	0.137737	2719.16	1930.84	0.449375	0.186729	6.79977	0.6767	-1.0107700000000001e-30	-3.6200999999999996e-29	19.9997	-9.062469999999999e-29	6.91192e-08	1.41305e-07	-6.45173e-32	-1.0259499999999999e-28	0.45442899999999997	0.00012445200000000002	-4.12765e-31	189.683	33.3094	0.0390405	0.191806	9.27482e-05	0	-1.61374e-31	0.00023192700000000002	0	-8.880069999999999e-33	-9.92737e-30	-2.2225599999999995e-32	0.0005	0.186729	
14020	1.96722	3.9025599999999994e-06	1.9439300000000002e-05	385.08099999999996	384.91900000000004	117.936	76.325	2469.97	0.0323068	0.00128779	233.675	0.13755599999999998	2714.74	1935.26	0.44805600000000007	0.18618099999999999	6.79977	0.675813	-1.00998e-30	-3.61726e-29	19.9997	-9.05536e-29	6.92135e-08	1.41541e-07	-6.4576e-32	-1.02696e-28	0.45291499999999996	0.000124035	-4.11761e-31	189.76	33.3089	0.0388594	0.190916	9.2905e-05	0	-1.61521e-31	0.00023232	0	-8.90078e-33	-9.92737e-30	-2.2292299999999998e-32	0.0005	0.18618099999999999	
14040	1.96722	3.902530000000001e-06	1.9439200000000002e-05	384.48699999999997	385.51300000000003	118.32700000000001	76.1214	2469.97	0.0323067	0.00127902	233.87900000000002	0.137375	2710.33	1939.67	0.446738	0.185633	6.79977	0.674921	-1.00918e-30	-3.61443e-29	19.9997	-9.04825e-29	6.93078e-08	1.4177699999999999e-07	-6.46348e-32	-1.0279799999999998e-28	0.45141099999999995	0.000123621	-4.107599999999999e-31	189.83599999999998	33.3084	0.0386793	0.190031	9.30618e-05	0	-1.6166799999999998e-31	0.00023271200000000002	0	-8.934479999999999e-33	-9.927389999999999e-30	-2.2395999999999996e-32	0.0005	0.185633	
14060	1.96722	3.9025e-06	1.9439e-05	383.89300000000003	386.10699999999997	118.71799999999999	75.9183	2469.97	0.0323065	0.00127033	234.082	0.137193	2705.93	1944.07	0.44542299999999996	0.185087	6.79977	0.674027	-1.0083899999999999e-30	-3.61158e-29	19.9997	-9.04111e-29	6.940210000000001e-08	1.42014e-07	-6.46931e-32	-1.02898e-28	0.449917	0.00012321	-4.09763e-31	189.912	33.3079	0.038500099999999995	0.18915099999999999	9.321870000000001e-05	0	-1.61814e-31	0.000233105	0	-8.93818e-33	-9.927449999999999e-30	-2.23837e-32	0.0005	0.185087	
14080	1.96722	3.90247e-06	1.94389e-05	383.3	386.7	119.11	75.7158	2469.97	0.0323064	0.00126171	234.28400000000002	0.13701	2701.55	1948.45	0.44410900000000003	0.184541	6.79977	0.673128	-1.0076e-30	-3.6087399999999994e-29	19.9997	-9.034049999999999e-29	6.94963e-08	1.4225e-07	-6.47504e-32	-1.02997e-28	0.448432	0.000122802	-4.087639999999999e-31	189.988	33.3073	0.0383219	0.188275	9.337549999999999e-05	0	-1.61959e-31	0.00023349700000000002	0	-8.92336e-33	-9.927489999999999e-30	-2.2348499999999997e-32	0.0005	0.184541	
14100	1.96722	3.90244e-06	1.9438699999999997e-05	382.708	387.292	119.501	75.5137	2469.97	0.0323062	0.00125317	234.486	0.136826	2697.18	1952.82	0.442796	0.183995	6.79977	0.672226	-1.0068099999999998e-30	-3.6059199999999997e-29	19.9997	-9.026959999999999e-29	6.959060000000001e-08	1.42486e-07	-6.480879999999999e-32	-1.03099e-28	0.446957	0.000122396	-4.07776e-31	190.063	33.3068	0.038144599999999994	0.187404	9.353229999999999e-05	0	-1.62103e-31	0.000233889	0	-8.90159e-33	-9.92751e-30	-2.2258299999999997e-32	0.0005	0.183995	
14120	1.96722	3.9024e-06	1.94386e-05	382.115	387.885	119.89200000000001	75.3122	2469.97	0.0323061	0.0012447	234.688	0.136642	2692.82	1957.18	0.441486	0.183451	6.79977	0.6713210000000001	-1.00602e-30	-3.60308e-29	19.9997	-9.01985e-29	6.968489999999999e-08	1.42722e-07	-6.486909999999999e-32	-1.03202e-28	0.44549099999999997	0.000121993	-4.0679799999999995e-31	190.138	33.3062	0.0379683	0.186538	9.36892e-05	0	-1.62252e-31	0.00023428200000000002	0	-8.85747e-33	-9.92751e-30	-2.21302e-32	0.0005	0.183451	
14140	1.96722	3.90237e-06	1.94384e-05	381.524	388.476	120.28299999999999	75.1113	2469.97	0.032305900000000005	0.0012362999999999999	234.889	0.136457	2688.48	1961.52	0.44017700000000004	0.182907	6.79977	0.670412	-1.00523e-30	-3.60025e-29	19.9997	-9.01279e-29	6.97792e-08	1.42958e-07	-6.49265e-32	-1.0330299999999998e-28	0.44403400000000004	0.00012159200000000001	-4.0582999999999995e-31	190.21200000000002	33.3057	0.037792900000000004	0.185677	9.384600000000001e-05	0	-1.6239999999999997e-31	0.000234674	0	-8.844709999999998e-33	-9.92748e-30	-2.21232e-32	0.0005	0.182907	
14160	1.96722	3.90234e-06	1.94382e-05	380.93199999999996	389.06800000000004	120.67399999999999	74.9108	2469.97	0.0323058	0.00122798	235.08900000000003	0.136271	2684.15	1965.85	0.43887	0.182364	6.799760000000001	0.669501	-1.00444e-30	-3.5974299999999997e-29	19.9997	-9.005700000000001e-29	6.98734e-08	1.43194e-07	-6.49858e-32	-1.03404e-28	0.442587	0.00012119399999999999	-4.04869e-31	190.28599999999997	33.3051	0.0376185	0.18482	9.40028e-05	0	-1.62545e-31	0.00023506700000000002	0	-8.86856e-33	-9.927439999999998e-30	-2.21935e-32	0.0005	0.182364	
14180	1.96722	3.90231e-06	1.94381e-05	380.342	389.658	121.066	74.7108	2469.97	0.0323056	0.00121972	235.28900000000002	0.13608499999999998	2679.83	1970.17	0.437565	0.181822	6.799760000000001	0.668585	-1.0036499999999999e-30	-3.5946e-29	19.9997	-8.998620000000001e-29	6.996769999999999e-08	1.43431e-07	-6.504419999999999e-32	-1.03505e-28	0.44114899999999996	0.00012079799999999999	-4.039079999999999e-31	190.36	33.3046	0.037445	0.18396700000000002	9.41597e-05	0	-1.6269300000000001e-31	0.000235459	0	-8.87016e-33	-9.92743e-30	-2.21704e-32	0.0005	0.181822	
14200	1.96722	3.90228e-06	1.94379e-05	379.751	390.249	121.45700000000001	74.5114	2469.97	0.0323055	0.00121154	235.489	0.135898	2675.53	1974.47	0.436262	0.181281	6.799760000000001	0.667667	-1.0028599999999999e-30	-3.59178e-29	19.9997	-8.99156e-29	7.0062e-08	1.4366699999999999e-07	-6.51015e-32	-1.03604e-28	0.43972	0.000120405	-4.02948e-31	190.43400000000003	33.304	0.0372724	0.183119	9.431649999999999e-05	0	-1.6283799999999998e-31	0.00023585200000000002	0	-8.86044e-33	-9.92741e-30	-2.21653e-32	0.0005	0.181281	
14220	1.96722	3.90224e-06	1.94377e-05	379.162	390.838	121.84899999999999	74.3125	2469.97	0.0323053	0.00120343	235.688	0.13571	2671.23	1978.77	0.434961	0.18074	6.799760000000001	0.666745	-1.00207e-30	-3.58896e-29	19.9997	-8.9845e-29	7.01562e-08	1.43903e-07	-6.515969999999999e-32	-1.03703e-28	0.4383	0.00012001399999999999	-4.01996e-31	190.507	33.3034	0.03710069999999999	0.182276	9.44733e-05	0	-1.62981e-31	0.000236244	0	-8.857549999999999e-33	-9.92738e-30	-2.21362e-32	0.0005	0.18074	
14240	1.96722	3.90221e-06	1.94376e-05	378.57199999999995	391.42800000000005	122.24	74.11399999999999	2469.97	0.0323052	0.00119538	235.886	0.135522	2666.95	1983.05	0.433662	0.1802	6.799760000000001	0.66582	-1.0012899999999998e-30	-3.5861399999999996e-29	19.9997	-8.97745e-29	7.02505e-08	1.44139e-07	-6.521579999999999e-32	-1.03801e-28	0.436889	0.00011962600000000001	-4.0103e-31	190.58	33.3029	0.036930000000000004	0.181437	9.463020000000001e-05	0	-1.6312499999999999e-31	0.00023663700000000002	0	-8.858649999999999e-33	-9.92735e-30	-2.2166799999999995e-32	0.0005	0.1802	
14260	1.96722	3.90218e-06	1.94374e-05	377.98400000000004	392.01599999999996	122.632	73.9161	2469.97	0.032305	0.00118741	236.084	0.13533299999999998	2662.69	1987.31	0.43236499999999994	0.179661	6.799760000000001	0.664892	-1.0005099999999999e-30	-3.58334e-29	19.9997	-8.97044e-29	7.03448e-08	1.44375e-07	-6.52704e-32	-1.03896e-28	0.435487	0.00011924	-4.0009099999999995e-31	190.65200000000002	33.3023	0.0367601	0.18060299999999999	9.478700000000001e-05	0	-1.6326399999999998e-31	0.000237029	0	-8.87361e-33	-9.927319999999999e-30	-2.2198799999999997e-32	0.0005	0.179661	
14280	1.96722	3.9021499999999996e-06	1.94373e-05	377.395	392.605	123.023	73.7187	2469.97	0.0323048	0.0011795	236.28099999999998	0.135143	2658.43	1991.57	0.43107	0.179123	6.799760000000001	0.6639609999999999	-9.99722e-31	-3.58053e-29	19.9997	-8.963389999999999e-29	7.0439e-08	1.44611e-07	-6.53288e-32	-1.0399700000000001e-28	0.434094	0.000118857	-3.99175e-31	190.72400000000002	33.3017	0.0365912	0.179773	9.494379999999999e-05	0	-1.6340399999999997e-31	0.00023742099999999998	0	-8.86971e-33	-9.9273e-30	-2.2178099999999999e-32	0.0005	0.179123	
14300	1.96722	3.90211e-06	1.94371e-05	376.80699999999996	393.19300000000004	123.415	73.5219	2469.97	0.032304700000000006	0.00117166	236.47799999999998	0.134953	2654.19	1995.81	0.429777	0.178586	6.799760000000001	0.663027	-9.98931e-31	-3.5776999999999995e-29	19.9997	-8.956309999999999e-29	7.05333e-08	1.44848e-07	-6.53878e-32	-1.04101e-28	0.432709	0.00011847600000000001	-3.98261e-31	190.796	33.3011	0.0364231	0.178947	9.51006e-05	0	-1.6355199999999998e-31	0.000237814	0	-8.85166e-33	-9.92728e-30	-2.2126299999999996e-32	0.0005	0.178586	
14320	1.96722	3.902080000000001e-06	1.94369e-05	376.22	393.78	123.806	73.3255	2469.97	0.0323045	0.00116388	236.675	0.134762	2649.96	2000.04	0.428486	0.178049	6.799760000000001	0.662091	-9.981440000000001e-31	-3.57488e-29	19.9997	-8.949239999999999e-29	7.062760000000001e-08	1.45084e-07	-6.54464e-32	-1.04201e-28	0.43133299999999997	0.000118097	-3.97376e-31	190.868	33.3005	0.0362559	0.178126	9.52575e-05	0	-1.63699e-31	0.00023820599999999998	0	-8.86004e-33	-9.927239999999999e-30	-2.2177799999999998e-32	0.0005	0.178049	
14340	1.96722	3.90205e-06	1.94368e-05	375.63300000000004	394.36699999999996	124.198	73.1296	2469.97	0.0323043	0.00115617	236.87	0.134571	2645.75	2004.25	0.42719700000000005	0.177514	6.799760000000001	0.661151	-9.973539999999999e-31	-3.57205e-29	19.9997	-8.94215e-29	7.07218e-08	1.4532e-07	-6.55041e-32	-1.043e-28	0.429965	0.000117721	-3.96476e-31	190.93900000000002	33.2999	0.0360897	0.177309	9.54143e-05	0	-1.63844e-31	0.000238599	0	-8.91177e-33	-9.92723e-30	-2.23339e-32	0.0005	0.177514	
14360	1.96722	3.90201e-06	1.94366e-05	375.04699999999997	394.95300000000003	124.589	72.9342	2469.97	0.0323041	0.00114853	237.06599999999997	0.134379	2641.54	2008.46	0.42591	0.176979	6.799760000000001	0.660208	-9.96566e-31	-3.56923e-29	19.9997	-8.93511e-29	7.081610000000001e-08	1.45556e-07	-6.556199999999999e-32	-1.044e-28	0.42860600000000004	0.00011734700000000001	-3.95566e-31	191.01	33.2993	0.035924300000000006	0.17649700000000001	9.55711e-05	0	-1.63989e-31	0.00023899099999999998	0	-8.92078e-33	-9.92726e-30	-2.23277e-32	0.0005	0.176979	
14380	1.96722	3.90198e-06	1.9436400000000002e-05	374.461	395.539	124.98100000000001	72.7394	2469.97	0.032304	0.00114095	237.261	0.134187	2637.35	2012.65	0.424626	0.176446	6.799760000000001	0.659263	-9.95783e-31	-3.56642e-29	19.9997	-8.928059999999999e-29	7.09103e-08	1.45792e-07	-6.562e-32	-1.045e-28	0.427255	0.000116975	-3.94668e-31	191.08	33.2987	0.0357598	0.175689	9.572790000000001e-05	0	-1.6413399999999999e-31	0.000239383	0	-8.90654e-33	-9.927289999999998e-30	-2.23109e-32	0.0005	0.176446	
14400	1.96722	3.90194e-06	1.94362e-05	373.876	396.124	125.37200000000001	72.545	2469.97	0.0323038	0.00113343	237.455	0.133994	2633.18	2016.82	0.423343	0.175913	6.799760000000001	0.6583140000000001	-9.949979999999999e-31	-3.56361e-29	19.9997	-8.921040000000001e-29	7.100460000000001e-08	1.46028e-07	-6.567769999999999e-32	-1.046e-28	0.425913	0.000116606	-3.9377499999999997e-31	191.15	33.2981	0.0355961	0.17488499999999998	9.588469999999999e-05	0	-1.64279e-31	0.00023977599999999998	0	-8.897120000000001e-33	-9.927310000000001e-30	-2.22437e-32	0.0005	0.175913	
14420	1.96722	3.90191e-06	1.94361e-05	373.291	396.709	125.764	72.3511	2469.97	0.0323036	0.00112598	237.649	0.1338	2629.01	2020.99	0.422063	0.17538099999999998	6.799760000000001	0.657363	-9.942149999999999e-31	-3.56081e-29	19.9997	-8.91402e-29	7.109889999999999e-08	1.46264e-07	-6.573539999999999e-32	-1.04699e-28	0.424579	0.000116239	-3.9288099999999997e-31	191.22	33.2975	0.0354333	0.174085	9.604149999999999e-05	0	-1.64423e-31	0.000240168	0	-8.873669999999999e-33	-9.927310000000001e-30	-2.2199099999999998e-32	0.0005	0.17538099999999998	
14440	1.96722	3.9018699999999995e-06	1.9435899999999998e-05	372.70599999999996	397.29400000000004	126.156	72.1578	2469.97	0.032303399999999996	0.00111859	237.842	0.133606	2624.86	2025.14	0.420785	0.17485	6.799760000000001	0.656409	-9.934369999999999e-31	-3.55802e-29	19.9997	-8.907059999999999e-29	7.11931e-08	1.46501e-07	-6.5793e-32	-1.0479899999999999e-28	0.423253	0.000115874	-3.91995e-31	191.29	33.2969	0.0352714	0.173289	9.61984e-05	0	-1.6456700000000001e-31	0.00024056099999999998	0	-8.862979999999999e-33	-9.92728e-30	-2.2155299999999996e-32	0.0005	0.17485	
14460	1.96722	3.90184e-06	1.94357e-05	372.12199999999996	397.87800000000004	126.54700000000001	71.9649	2469.97	0.0323032	0.00111126	238.035	0.133411	2620.72	2029.28	0.41951000000000005	0.17432	6.799760000000001	0.655453	-9.92664e-31	-3.5552499999999995e-29	19.9997	-8.900129999999999e-29	7.128739999999999e-08	1.46737e-07	-6.585069999999999e-32	-1.0489799999999999e-28	0.42193500000000006	0.000115511	-3.91116e-31	191.359	33.2962	0.035110300000000004	0.172498	9.635520000000001e-05	0	-1.6471199999999998e-31	0.000240953	0	-8.85418e-33	-9.92725e-30	-2.2133099999999998e-32	0.0005	0.17432	
14480	1.96722	3.9018099999999995e-06	1.94356e-05	371.539	398.461	126.939	71.7726	2469.97	0.032303	0.00110399	238.227	0.133216	2616.59	2033.41	0.41823599999999994	0.173791	6.799760000000001	0.6544939999999999	-9.918899999999998e-31	-3.55248e-29	19.9997	-8.89318e-29	7.138160000000001e-08	1.46973e-07	-6.59082e-32	-1.0499799999999998e-28	0.420625	0.00011515100000000001	-3.9023999999999998e-31	191.428	33.2956	0.0349501	0.171711	9.651200000000001e-05	0	-1.64856e-31	0.000241345	0	-8.847549999999999e-33	-9.92721e-30	-2.2119499999999998e-32	0.0005	0.173791	
14500	1.96722	3.901769999999999e-06	1.94354e-05	370.95599999999996	399.04400000000004	127.331	71.5807	2469.97	0.0323028	0.00109678	238.419	0.13302	2612.48	2037.52	0.416965	0.173262	6.799760000000001	0.653532	-9.91112e-31	-3.5497e-29	19.9997	-8.8862e-29	7.147589999999999e-08	1.47209e-07	-6.59658e-32	-1.05097e-28	0.41932299999999995	0.000114793	-3.8936999999999997e-31	191.497	33.295	0.0347907	0.170928	9.666879999999999e-05	0	-1.65e-31	0.000241738	0	-8.83848e-33	-9.92716e-30	-2.2082599999999997e-32	0.0005	0.173262	
14520	1.96722	3.9017400000000005e-06	1.94352e-05	370.374	399.626	127.72200000000001	71.3893	2469.97	0.0323027	0.00108963	238.611	0.132824	2608.37	2041.63	0.415696	0.172735	6.799760000000001	0.652568	-9.90329e-31	-3.5468899999999997e-29	19.9997	-8.879159999999999e-29	7.15701e-08	1.47445e-07	-6.60232e-32	-1.05196e-28	0.418029	0.000114437	-3.8850399999999996e-31	191.565	33.2944	0.034632199999999995	0.170149	9.68256e-05	0	-1.6514399999999997e-31	0.00024213	0	-8.83978e-33	-9.92712e-30	-2.21077e-32	0.0005	0.172735	
14540	1.96722	3.9017e-06	1.9435e-05	369.792	400.208	128.114	71.1984	2469.97	0.0323025	0.00108254	238.80200000000002	0.132627	2604.28	2045.72	0.414429	0.172209	6.799760000000001	0.651602	-9.89546e-31	-3.54409e-29	19.9997	-8.87216e-29	7.16643e-08	1.47681e-07	-6.60806e-32	-1.05296e-28	0.41674300000000003	0.000114083	-3.87644e-31	191.63299999999998	33.2937	0.0344745	0.169374	9.69824e-05	0	-1.65287e-31	0.000242523	0	-8.84749e-33	-9.927069999999999e-30	-2.2108599999999997e-32	0.0005	0.172209	
14560	1.96722	3.90166e-06	1.94349e-05	369.21	400.79	128.506	71.0081	2469.97	0.0323023	0.00107551	238.99200000000002	0.13243	2600.21	2049.79	0.41316499999999995	0.171684	6.799760000000001	0.650632	-9.88767e-31	-3.5413e-29	19.9997	-8.865159999999999e-29	7.17586e-08	1.4791700000000001e-07	-6.6138e-32	-1.05395e-28	0.415465	0.000113731	-3.86788e-31	191.701	33.2931	0.0343176	0.168604	9.71392e-05	0	-1.6543099999999998e-31	0.000242915	0	-8.84851e-33	-9.92703e-30	-2.2128299999999998e-32	0.0005	0.171684	
14580	1.96722	3.9016300000000005e-06	1.94347e-05	368.629	401.371	128.89700000000002	70.8182	2469.97	0.03230209999999999	0.00106853	239.18200000000002	0.132232	2596.14	2053.86	0.41190299999999996	0.171159	6.799760000000001	0.6496609999999999	-9.87993e-31	-3.53853e-29	19.9997	-8.85826e-29	7.18528e-08	1.4815300000000002e-07	-6.61953e-32	-1.05494e-28	0.414195	0.000113382	-3.8593699999999997e-31	191.768	33.2924	0.0341616	0.167837	9.7296e-05	0	-1.65574e-31	0.000243307	0	-8.843889999999999e-33	-9.927e-30	-2.2092900000000002e-32	0.0005	0.171159	
14600	1.96722	3.90159e-06	1.9434500000000002e-05	368.04900000000004	401.95099999999996	129.289	70.6288	2469.97	0.0323019	0.00106161	239.37099999999998	0.13203399999999998	2592.09	2057.91	0.41064399999999995	0.17063599999999998	6.799760000000001	0.648687	-9.872239999999998e-31	-3.5357699999999996e-29	19.9997	-8.85133e-29	7.194710000000001e-08	1.4839e-07	-6.625260000000001e-32	-1.05593e-28	0.41293199999999997	0.000113034	-3.8509099999999992e-31	191.835	33.2918	0.0340063	0.167075	9.74528e-05	0	-1.65718e-31	0.0002437	0	-8.827149999999999e-33	-9.92695e-30	-2.2048099999999997e-32	0.0005	0.17063599999999998	
14620	1.96722	3.90156e-06	1.94343e-05	367.469	402.531	129.681	70.4398	2469.97	0.0323017	0.00105475	239.56	0.13183499999999998	2588.05	2061.95	0.409387	0.17011400000000002	6.799760000000001	0.6477109999999999	-9.86448e-31	-3.5329899999999997e-29	19.9997	-8.84436e-29	7.20413e-08	1.48626e-07	-6.63098e-32	-1.05691e-28	0.41167600000000004	0.00011268899999999999	-3.8424999999999994e-31	191.90200000000002	33.2911	0.0338519	0.16631600000000002	9.76096e-05	0	-1.6586099999999998e-31	0.000244092	0	-8.771639999999999e-33	-9.92687e-30	-2.18588e-32	0.0005	0.17011400000000002	
14640	1.96722	3.9015199999999995e-06	1.94341e-05	366.89	403.11	130.072	70.2514	2469.97	0.0323014	0.00104795	239.74900000000002	0.131636	2584.02	2065.98	0.40813299999999997	0.16959200000000002	6.799760000000001	0.646732	-9.85668e-31	-3.5302e-29	19.9997	-8.837389999999999e-29	7.213549999999999e-08	1.48862e-07	-6.6367e-32	-1.0579e-28	0.410429	0.000112345	-3.8341299999999995e-31	191.968	33.2905	0.0336983	0.16556099999999999	9.77664e-05	0	-1.66004e-31	0.000244484	0	-8.762089999999999e-33	-9.926749999999999e-30	-2.19023e-32	0.0005	0.16959200000000002	
14660	1.96722	3.90149e-06	1.9434e-05	366.311	403.689	130.464	70.0635	2469.97	0.0323012	0.0010412000000000002	239.937	0.131436	2580.0	2070.0	0.40688	0.169072	6.79975	0.645752	-9.84896e-31	-3.5274299999999994e-29	19.9997	-8.830459999999999e-29	7.222980000000001e-08	1.49098e-07	-6.642419999999999e-32	-1.05889e-28	0.409188	0.000112004	-3.82582e-31	192.03400000000002	33.2898	0.0335455	0.16481099999999999	9.792319999999999e-05	0	-1.6614699999999998e-31	0.000244877	0	-8.815319999999999e-33	-9.92666e-30	-2.20223e-32	0.0005	0.169072	
14680	1.96722	3.90145e-06	1.94338e-05	365.73199999999997	404.26800000000003	130.856	69.876	2469.97	0.032300999999999996	0.00103451	240.12400000000002	0.131236	2576.0	2074.0	0.405631	0.168553	6.79975	0.6447689999999999	-9.8412e-31	-3.52465e-29	19.9997	-8.823479999999999e-29	7.2324e-08	1.49334e-07	-6.64812e-32	-1.05987e-28	0.407955	0.000111665	-3.81755e-31	192.1	33.2891	0.0333935	0.16406400000000002	9.808e-05	0	-1.6629e-31	0.000245269	0	-8.81742e-33	-9.92659e-30	-2.2034099999999997e-32	0.0005	0.168553	
14700	1.96722	3.9014099999999995e-06	1.94336e-05	365.154	404.846	131.248	69.6891	2469.97	0.0323008	0.00102787	240.31099999999998	0.13103499999999998	2572.01	2077.99	0.404384	0.168035	6.79975	0.643784	-9.8334e-31	-3.52186e-29	19.9997	-8.81652e-29	7.24183e-08	1.4957e-07	-6.65383e-32	-1.06086e-28	0.40673000000000004	0.00011132799999999999	-3.8093200000000003e-31	192.166	33.2885	0.0332423	0.163321	9.82368e-05	0	-1.6643299999999999e-31	0.000245661	0	-8.82579e-33	-9.92653e-30	-2.2074599999999996e-32	0.0005	0.168035	
14720	1.96722	3.901380000000001e-06	1.94334e-05	364.577	405.423	131.639	69.5026	2469.97	0.0323006	0.00102128	240.497	0.13083399999999998	2568.03	2081.97	0.40313899999999997	0.167518	6.79975	0.642796	-9.8257e-31	-3.5191e-29	19.9997	-8.8096e-29	7.25125e-08	1.49806e-07	-6.65953e-32	-1.06184e-28	0.405511	0.00011099200000000001	-3.80114e-31	192.231	33.2878	0.03309190000000001	0.162582	9.83936e-05	0	-1.6657599999999998e-31	0.000246054	0	-8.84162e-33	-9.92648e-30	-2.2098400000000002e-32	0.0005	0.167518	
14740	1.96722	3.9013400000000005e-06	1.94332e-05	364.0	406.0	132.031	69.3166	2469.97	0.0323004	0.00101475	240.683	0.130633	2564.07	2085.93	0.401897	0.167001	6.79975	0.641807	-9.81796e-31	-3.5163299999999995e-29	19.9997	-8.80267e-29	7.260669999999999e-08	1.5004200000000001e-07	-6.66522e-32	-1.06283e-28	0.4043	0.000110659	-3.79301e-31	192.296	33.2871	0.0329422	0.161847	9.855040000000001e-05	0	-1.66718e-31	0.000246446	0	-8.832639999999998e-33	-9.9264e-30	-2.2243499999999998e-32	0.0005	0.167001	
14760	1.96722	3.9013e-06	1.9433e-05	363.423	406.577	132.422	69.1311	2469.97	0.0323002	0.00100827	240.86900000000003	0.130431	2560.11	2089.89	0.40065700000000004	0.166486	6.79975	0.6408159999999999	-9.810099999999999e-31	-3.51352e-29	19.9997	-8.795799999999999e-29	7.270089999999999e-08	1.50278e-07	-6.670910000000001e-32	-1.06381e-28	0.403096	0.00011032799999999999	-3.78492e-31	192.361	33.2864	0.0327934	0.161116	9.870719999999999e-05	0	-1.6685999999999998e-31	0.000246838	0	-8.809739999999998e-33	-9.926049999999999e-30	-2.2733500000000002e-32	0.0005	0.166486	
14780	1.96722	3.90127e-06	1.9432899999999998e-05	362.847	407.153	132.814	68.946	2469.97	0.0322999	0.00100185	241.054	0.13022899999999998	2556.17	2093.83	0.39942	0.165972	6.79975	0.639822	-9.80215e-31	-3.51069e-29	19.9997	-8.78895e-29	7.27952e-08	1.50514e-07	-6.676589999999999e-32	-1.06479e-28	0.4019	0.00010999799999999999	-3.7768799999999995e-31	192.425	33.2858	0.032645299999999995	0.160388	9.8864e-05	0	-1.6700299999999997e-31	0.000247231	0	-9.13859e-33	-9.926169999999999e-30	-2.22894e-32	0.0005	0.165972	
14800	1.96722	3.9012300000000004e-06	1.94327e-05	362.272	407.728	133.20600000000002	68.7615	2469.97	0.0322997	0.0009954710000000002	241.239	0.130026	2552.24	2097.76	0.39818600000000004	0.165459	6.79975	0.638827	-9.79451e-31	-3.5079499999999995e-29	19.9997	-8.78202e-29	7.28894e-08	1.50751e-07	-6.68227e-32	-1.0657700000000001e-28	0.40071	0.000109671	-3.76888e-31	192.489	33.2851	0.032498	0.159665	9.902069999999999e-05	0	-1.67145e-31	0.000247623	0	-8.727979999999999e-33	-9.92628e-30	-2.2548599999999996e-32	0.0005	0.165459	
14820	1.96722	3.90119e-06	1.94325e-05	361.69699999999995	408.30300000000005	133.597	68.5774	2469.97	0.0322995	0.000989147	241.423	0.129823	2548.32	2101.68	0.396954	0.164948	6.79975	0.637829	-9.787179999999999e-31	-3.5053e-29	19.9997	-8.774999999999999e-29	7.29836e-08	1.50987e-07	-6.687949999999999e-32	-1.06675e-28	0.399527	0.000109346	-3.7609299999999995e-31	192.553	33.2844	0.0323515	0.158945	9.91775e-05	0	-1.67287e-31	0.000248015	0	-8.933379999999999e-33	-9.926069999999999e-30	-2.25775e-32	0.0005	0.164948	
14840	1.96722	3.90115e-06	1.94323e-05	361.12199999999996	408.87800000000004	133.989	68.3938	2469.97	0.032299299999999996	0.000982874	241.606	0.12962	2544.42	2105.58	0.395725	0.164437	6.79975	0.63683	-9.77924e-31	-3.5024699999999994e-29	19.9997	-8.76817e-29	7.30779e-08	1.51223e-07	-6.69362e-32	-1.06773e-28	0.398351	0.000109022	-3.75302e-31	192.61599999999999	33.2837	0.032205700000000004	0.158229	9.93343e-05	0	-1.6742899999999998e-31	0.000248408	0	-9.1254e-33	-9.926049999999999e-30	-2.2435299999999996e-32	0.0005	0.164437	
14860	1.96722	3.9011199999999995e-06	1.94321e-05	360.548	409.452	134.38	68.2106	2469.97	0.0322991	0.000976652	241.78900000000002	0.129416	2540.52	2109.48	0.394498	0.163927	6.79975	0.635829	-9.77152e-31	-3.4997099999999997e-29	19.9997	-8.76129e-29	7.317210000000001e-08	1.5145899999999998e-07	-6.69929e-32	-1.06871e-28	0.39718200000000004	0.0001087	-3.74516e-31	192.679	33.283	0.032060700000000004	0.15751600000000002	9.949110000000001e-05	0	-1.67571e-31	0.0002488	0	-8.94302e-33	-9.92636e-30	-2.2207499999999996e-32	0.0005	0.163927	
14880	1.96722	3.90108e-06	1.94319e-05	359.975	410.025	134.77200000000002	68.028	2469.97	0.0322988	0.0009704789999999999	241.972	0.129212	2536.64	2113.36	0.39327399999999996	0.163418	6.79975	0.634826	-9.76392e-31	-3.49698e-29	19.9997	-8.7544e-29	7.32663e-08	1.5169499999999998e-07	-6.70495e-32	-1.06969e-28	0.39602	0.000108381	-3.73733e-31	192.74200000000002	33.2823	0.0319164	0.156808	9.964790000000001e-05	0	-1.67712e-31	0.000249192	0	-8.8087e-33	-9.926449999999999e-30	-2.2135799999999997e-32	0.0005	0.163418	
14900	1.96722	3.901040000000001e-06	1.9431700000000002e-05	359.402	410.598	135.16299999999998	67.8458	2469.97	0.0322986	0.000964355	242.15400000000002	0.12900699999999998	2532.77	2117.23	0.392052	0.162911	6.79975	0.633821	-9.75644e-31	-3.4942899999999996e-29	19.9997	-8.747459999999998e-29	7.33605e-08	1.5193099999999999e-07	-6.71061e-32	-1.07066e-28	0.394864	0.000108063	-3.7295599999999997e-31	192.805	33.2816	0.03177290000000001	0.156103	9.980469999999999e-05	0	-1.6785399999999998e-31	0.000249585	0	-8.889619999999999e-33	-9.926299999999999e-30	-2.2202199999999997e-32	0.0005	0.162911	
14920	1.96722	3.9010000000000004e-06	1.9431500000000002e-05	358.829	411.171	135.555	67.6641	2469.97	0.032298400000000005	0.00095828	242.33599999999998	0.128802	2528.92	2121.08	0.390834	0.162405	6.79975	0.632814	-9.74873e-31	-3.49153e-29	19.9996	-8.74059e-29	7.34547e-08	1.52167e-07	-6.716269999999999e-32	-1.07164e-28	0.393716	0.00010774700000000001	-3.72182e-31	192.86700000000002	33.2809	0.031630200000000004	0.155401	9.996139999999999e-05	0	-1.67996e-31	0.000249977	0	-8.913239999999999e-33	-9.92626e-30	-2.2307900000000002e-32	0.0005	0.162405	
14940	1.96722	3.90096e-06	1.94313e-05	358.25699999999995	411.74300000000005	135.946	67.4829	2469.97	0.032298099999999996	0.000952253	242.517	0.128597	2525.07	2124.93	0.38961799999999996	0.161899	6.79975	0.6318060000000001	-9.74104e-31	-3.48878e-29	19.9996	-8.7337e-29	7.354899999999999e-08	1.52403e-07	-6.72191e-32	-1.07261e-28	0.392574	0.00010743200000000001	-3.71413e-31	192.93	33.2802	0.0314881	0.154704	0.00010011799999999999	0	-1.68137e-31	0.000250369	0	-8.904439999999999e-33	-9.92633e-30	-2.23163e-32	0.0005	0.161899	
14960	1.96722	3.90093e-06	1.9431199999999998e-05	357.686	412.314	136.338	67.3021	2469.97	0.032297900000000004	0.000946275	242.69799999999998	0.128391	2521.24	2128.76	0.38840399999999997	0.161395	6.79975	0.630796	-9.733419999999999e-31	-3.48605e-29	19.9996	-8.72685e-29	7.364319999999999e-08	1.52639e-07	-6.72756e-32	-1.07359e-28	0.391438	0.00010712	-3.7064799999999996e-31	192.99099999999999	33.2795	0.0313469	0.15400899999999998	0.000100275	0	-1.68279e-31	0.000250762	0	-8.900269999999999e-33	-9.92637e-30	-2.22499e-32	0.0005	0.161395	
14980	1.96722	3.90089e-06	1.9430999999999997e-05	357.115	412.885	136.72899999999998	67.1218	2469.97	0.0322976	0.0009403430000000001	242.878	0.128185	2517.42	2132.58	0.387194	0.160892	6.79975	0.629784	-9.72577e-31	-3.48331e-29	19.9996	-8.720000000000001e-29	7.37374e-08	1.52875e-07	-6.7332e-32	-1.07456e-28	0.390309	0.000106809	-3.69887e-31	193.053	33.2788	0.0312063	0.153319	0.000100432	0	-1.6841999999999997e-31	0.000251154	0	-8.883069999999999e-33	-9.926339999999999e-30	-2.2226699999999997e-32	0.0005	0.160892	
15000	1.96722	3.90085e-06	1.94308e-05	356.54400000000004	413.45599999999996	137.121	66.942	2469.97	0.0322974	0.0009344589999999999	243.058	0.127979	2513.61	2136.39	0.385986	0.16039	6.79975	0.6287699999999999	-9.718139999999999e-31	-3.48058e-29	19.9996	-8.71316e-29	7.38316e-08	1.53111e-07	-6.738839999999999e-32	-1.07553e-28	0.389187	0.0001065	-3.6913e-31	193.114	33.278	0.0310665	0.152632	0.000100589	0	-1.68561e-31	0.000251546	0	-8.862349999999999e-33	-9.926319999999999e-30	-2.2155999999999997e-32	0.0005	0.16039	
15020	1.96722	3.90081e-06	1.94306e-05	355.974	414.026	137.512	66.7626	2469.97	0.0322972	0.00092862	243.237	0.127772	2509.81	2140.19	0.38478	0.159889	6.79975	0.6277550000000001	-9.7105e-31	-3.47784e-29	19.9996	-8.706299999999999e-29	7.392580000000001e-08	1.53347e-07	-6.744469999999999e-32	-1.07651e-28	0.388071	0.00010619299999999999	-3.6837699999999995e-31	193.175	33.2773	0.0309274	0.151949	0.000100745	0	-1.68702e-31	0.000251938	0	-8.85028e-33	-9.926310000000001e-30	-2.21274e-32	0.0005	0.159889	
15040	1.96722	3.90077e-06	1.94304e-05	355.405	414.595	137.903	66.5837	2469.97	0.032296899999999996	0.000922828	243.416	0.127565	2506.03	2143.97	0.38357800000000003	0.15939	6.79975	0.626739	-9.70287e-31	-3.47511e-29	19.9996	-8.699459999999998e-29	7.402e-08	1.53584e-07	-6.750089999999999e-32	-1.07748e-28	0.386961	0.00010588799999999999	-3.6762799999999996e-31	193.236	33.2766	0.030788999999999997	0.15126900000000001	0.000100902	0	-1.68843e-31	0.000252331	0	-8.859530000000001e-33	-9.92628e-30	-2.2164099999999996e-32	0.0005	0.15939	
15060	1.96722	3.90073e-06	1.94302e-05	354.836	415.164	138.295	66.4052	2469.97	0.0322967	0.0009170819999999999	243.595	0.127358	2502.25	2147.75	0.382378	0.158891	6.79975	0.6257199999999999	-9.69525e-31	-3.47238e-29	19.9996	-8.692629999999999e-29	7.41142e-08	1.5381999999999998e-07	-6.755710000000001e-32	-1.07845e-28	0.385858	0.000105584	-3.66884e-31	193.296	33.2759	0.0306513	0.150592	0.000101059	0	-1.6898299999999998e-31	0.000252723	0	-8.870469999999998e-33	-9.92625e-30	-2.2186199999999998e-32	0.0005	0.158891	
15080	1.96722	3.90069e-06	1.943e-05	354.267	415.733	138.686	66.2273	2469.97	0.0322964	0.00091138	243.773	0.12715	2498.49	2151.51	0.381181	0.158394	6.79975	0.6247010000000001	-9.687649999999998e-31	-3.46965e-29	19.9996	-8.685809999999999e-29	7.42084e-08	1.5405599999999999e-07	-6.76133e-32	-1.07942e-28	0.384761	0.00010528299999999999	-3.66143e-31	193.356	33.2751	0.030514299999999998	0.14992	0.000101216	0	-1.6912400000000002e-31	0.000253115	0	-8.874299999999999e-33	-9.926239999999999e-30	-2.2201599999999998e-32	0.0005	0.158394	
15100	1.96722	3.90065e-06	1.94298e-05	353.699	416.301	139.077	66.0498	2469.97	0.0322962	0.000905723	243.95	0.126943	2494.74	2155.26	0.37998699999999996	0.157897	6.79975	0.62368	-9.680029999999998e-31	-3.4669299999999995e-29	19.9996	-8.67898e-29	7.43026e-08	1.54292e-07	-6.766939999999998e-32	-1.08039e-28	0.38366999999999996	0.000104982	-3.65407e-31	193.416	33.2744	0.0303781	0.14925	0.000101372	0	-1.69264e-31	0.000253508	0	-8.867549999999999e-33	-9.926219999999999e-30	-2.2177599999999997e-32	0.0005	0.157897	
15120	1.96722	3.900609999999999e-06	1.94296e-05	353.13199999999995	416.86800000000005	139.468	65.8727	2469.97	0.0322959	0.0009001110000000001	244.127	0.12673399999999999	2491.0	2159.0	0.378795	0.157402	6.79975	0.622657	-9.67242e-31	-3.4641999999999996e-29	19.9996	-8.672149999999999e-29	7.43968e-08	1.54528e-07	-6.77255e-32	-1.08135e-28	0.38258600000000004	0.000104684	-3.6467399999999994e-31	193.476	33.2737	0.030242500000000002	0.148584	0.000101529	0	-1.69405e-31	0.0002539	0	-8.86829e-33	-9.9262e-30	-2.2187200000000002e-32	0.0005	0.157402	
15140	1.96722	3.90057e-06	1.94294e-05	352.565	417.435	139.859	65.6961	2469.97	0.0322957	0.000894542	244.304	0.126526	2487.27	2162.73	0.377606	0.156908	6.79975	0.621633	-9.66481e-31	-3.4614799999999997e-29	19.9996	-8.665329999999999e-29	7.4491e-08	1.54764e-07	-6.77815e-32	-1.08232e-28	0.38150700000000004	0.000104387	-3.63945e-31	193.535	33.2729	0.0301077	0.147922	0.000101686	0	-1.6954499999999998e-31	0.000254292	0	-8.880049999999998e-33	-9.92618e-30	-2.22221e-32	0.0005	0.156908	
15160	1.96722	3.900530000000001e-06	1.94292e-05	351.99800000000005	418.00199999999995	140.25	65.52	2469.97	0.0322954	0.000889017	244.48	0.126317	2483.56	2166.44	0.37642	0.156416	6.79975	0.6206079999999999	-9.6572e-31	-3.45875e-29	19.9996	-8.65851e-29	7.45852e-08	1.55e-07	-6.78375e-32	-1.0832899999999998e-28	0.38043499999999997	0.000104092	-3.6321999999999996e-31	193.59400000000002	33.2722	0.0299735	0.147263	0.000101843	0	-1.6968499999999999e-31	0.00025468400000000003	0	-8.902540000000001e-33	-9.926189999999999e-30	-2.2295199999999998e-32	0.0005	0.156416	
15180	1.96722	3.90049e-06	1.9429e-05	351.43199999999996	418.56800000000004	140.641	65.3443	2469.97	0.0322952	0.000883534	244.65599999999998	0.126108	2479.86	2170.14	0.375237	0.155924	6.799739999999999	0.619581	-9.64961e-31	-3.45603e-29	19.9996	-8.651709999999999e-29	7.46794e-08	1.55236e-07	-6.789349999999999e-32	-1.0842499999999999e-28	0.379369	0.000103799	-3.6249899999999996e-31	193.653	33.2714	0.0298401	0.146607	0.000101999	0	-1.6982500000000001e-31	0.000255077	0	-8.902639999999999e-33	-9.92621e-30	-2.22739e-32	0.0005	0.155924	
15200	1.96722	3.90045e-06	1.9428800000000003e-05	350.86699999999996	419.13300000000004	141.032	65.1691	2469.97	0.0322949	0.000878095	244.831	0.125899	2476.16	2173.84	0.37405700000000003	0.155434	6.799739999999999	0.618553	-9.64205e-31	-3.45332e-29	19.9996	-8.644929999999999e-29	7.477360000000001e-08	1.55472e-07	-6.79493e-32	-1.08522e-28	0.378309	0.00010350700000000001	-3.6178199999999995e-31	193.71200000000002	33.2707	0.0297073	0.145955	0.000102156	0	-1.69965e-31	0.00025546900000000003	0	-8.88729e-33	-9.926219999999999e-30	-2.22423e-32	0.0005	0.155434	
15220	1.96722	3.90041e-06	1.94286e-05	350.30199999999996	419.69800000000004	141.423	64.9943	2469.97	0.0322946	0.000872697	245.00599999999997	0.12568900000000002	2472.48	2177.52	0.37288000000000004	0.154944	6.799739999999999	0.6175229999999999	-9.63449e-31	-3.45062e-29	19.9996	-8.638149999999999e-29	7.486780000000001e-08	1.55708e-07	-6.800519999999999e-32	-1.08618e-28	0.377254	0.00010321700000000001	-3.61069e-31	193.77	33.2699	0.0295752	0.145306	0.000102313	0	-1.70105e-31	0.00025586099999999997	0	-8.8734e-33	-9.926219999999999e-30	-2.2182400000000002e-32	0.0005	0.154944	
15240	1.96722	3.9003699999999996e-06	1.94284e-05	349.73800000000006	420.26199999999994	141.814	64.82	2469.97	0.0322944	0.0008673410000000001	245.18	0.125479	2468.82	2181.18	0.371705	0.15445599999999998	6.799739999999999	0.6164930000000001	-9.62695e-31	-3.44792e-29	19.9996	-8.631399999999999e-29	7.496199999999999e-08	1.55944e-07	-6.8061e-32	-1.08715e-28	0.376206	0.00010292799999999999	-3.6035899999999996e-31	193.828	33.2692	0.0294437	0.14465999999999998	0.00010247	0	-1.70245e-31	0.000256253	0	-8.85812e-33	-9.926189999999999e-30	-2.21468e-32	0.0005	0.15445599999999998	
15260	1.96722	3.90033e-06	1.9428199999999998e-05	349.17400000000004	420.82599999999996	142.205	64.6462	2469.97	0.0322941	0.0008620260000000001	245.354	0.12526900000000002	2465.16	2184.84	0.370533	0.153969	6.799739999999999	0.6154609999999999	-9.619429999999999e-31	-3.4452199999999995e-29	19.9996	-8.624649999999999e-29	7.505619999999999e-08	1.5618e-07	-6.81168e-32	-1.08811e-28	0.375164	0.00010264200000000001	-3.59653e-31	193.886	33.2684	0.029313	0.144018	0.000102626	0	-1.7038399999999999e-31	0.00025664599999999997	0	-8.86091e-33	-9.92615e-30	-2.2168599999999998e-32	0.0005	0.153969	
15280	1.96722	3.90029e-06	1.9428e-05	348.61	421.39	142.596	64.4728	2469.97	0.0322939	0.000856753	245.52700000000002	0.125059	2461.51	2188.49	0.36936399999999997	0.15348399999999998	6.799739999999999	0.614428	-9.61191e-31	-3.44253e-29	19.9996	-8.6179e-29	7.515039999999999e-08	1.5641600000000002e-07	-6.817249999999999e-32	-1.08907e-28	0.374127	0.00010235600000000001	-3.5895099999999995e-31	193.94400000000002	33.2677	0.0291829	0.143379	0.000102783	0	-1.7052399999999997e-31	0.000257038	0	-8.883739999999999e-33	-9.92613e-30	-2.22387e-32	0.0005	0.15348399999999998	
15300	1.96722	3.90025e-06	1.94278e-05	348.04699999999997	421.95300000000003	142.986	64.2998	2469.97	0.0322936	0.00085152	245.7	0.124849	2457.88	2192.12	0.368198	0.152999	6.799739999999999	0.6133930000000001	-9.604340000000001e-31	-3.43982e-29	19.9996	-8.61111e-29	7.52446e-08	1.56652e-07	-6.82282e-32	-1.0900299999999998e-28	0.373096	0.000102073	-3.58252e-31	194.00099999999998	33.2669	0.029053500000000003	0.142743	0.00010294	0	-1.7066299999999997e-31	0.00025743	0	-8.88856e-33	-9.92613e-30	-2.2233299999999997e-32	0.0005	0.152999	
15320	1.96722	3.900209999999999e-06	1.94276e-05	347.485	422.515	143.377	64.1273	2469.97	0.0322933	0.000846327	245.873	0.12463800000000001	2454.26	2195.74	0.367035	0.152516	6.799739999999999	0.612358	-9.596769999999999e-31	-3.43711e-29	19.9996	-8.604329999999999e-29	7.53388e-08	1.56888e-07	-6.82838e-32	-1.0909899999999998e-28	0.372071	0.000101791	-3.5755799999999997e-31	194.058	33.2661	0.0289248	0.14211	0.000103097	0	-1.70802e-31	0.000257822	0	-8.879919999999999e-33	-9.92613e-30	-2.22182e-32	0.0005	0.152516	
15340	1.96722	3.90017e-06	1.94274e-05	346.923	423.077	143.768	63.9552	2469.97	0.0322931	0.000841174	246.045	0.124427	2450.65	2199.35	0.365875	0.152034	6.799739999999999	0.611321	-9.58924e-31	-3.4344099999999997e-29	19.9996	-8.597579999999999e-29	7.5433e-08	1.57124e-07	-6.833939999999999e-32	-1.09195e-28	0.371051	0.00010151	-3.5686599999999994e-31	194.115	33.2654	0.028796699999999998	0.141481	0.000103253	0	-1.70941e-31	0.000258214	0	-8.87858e-33	-9.92612e-30	-2.22118e-32	0.0005	0.152034	
15360	1.96722	3.9001300000000006e-06	1.94272e-05	346.36199999999997	423.63800000000003	144.158	63.7836	2469.97	0.032292799999999997	0.000836061	246.21599999999998	0.12421600000000001	2447.05	2202.95	0.364717	0.151553	6.799739999999999	0.610284	-9.58172e-31	-3.43171e-29	19.9996	-8.590819999999999e-29	7.55272e-08	1.5736e-07	-6.839489999999999e-32	-1.09291e-28	0.37003800000000003	0.00010123100000000001	-3.56179e-31	194.171	33.2646	0.028669200000000002	0.140855	0.00010341	0	-1.71081e-31	0.000258607	0	-8.900239999999999e-33	-9.92611e-30	-2.2299799999999997e-32	0.0005	0.151553	
15380	1.96722	3.90009e-06	1.9427e-05	345.801	424.199	144.549	63.6125	2469.97	0.0322925	0.000830986	246.388	0.124004	2443.46	2206.54	0.363562	0.151073	6.799739999999999	0.609245	-9.574129999999999e-31	-3.4289999999999997e-29	19.9996	-8.583999999999999e-29	7.56214e-08	1.57596e-07	-6.845039999999999e-32	-1.09387e-28	0.369029	0.000100954	-3.55495e-31	194.227	33.2638	0.028542400000000002	0.140232	0.000103567	0	-1.7121899999999998e-31	0.000258999	0	-8.9297e-33	-9.92613e-30	-2.23753e-32	0.0005	0.151073	
15400	1.96722	3.90005e-06	1.9426800000000002e-05	345.24	424.76	144.939	63.4418	2469.97	0.0322922	0.00082595	246.558	0.12379200000000001	2439.88	2210.12	0.36241100000000004	0.150594	6.799739999999999	0.608205	-9.56656e-31	-3.42629e-29	19.9996	-8.577239999999999e-29	7.57156e-08	1.57832e-07	-6.850579999999999e-32	-1.09482e-28	0.368027	0.00010067799999999999	-3.54814e-31	194.283	33.2631	0.028416300000000002	0.13961199999999999	0.000103724	0	-1.7135799999999998e-31	0.000259391	0	-8.95719e-33	-9.92618e-30	-2.2458e-32	0.0005	0.150594	
15420	1.96722	3.90001e-06	1.94266e-05	344.68	425.32	145.33	63.2715	2469.97	0.032292	0.000820953	246.729	0.123581	2436.32	2213.68	0.36126199999999997	0.150117	6.799739999999999	0.607165	-9.55904e-31	-3.42359e-29	19.9996	-8.57048e-29	7.58097e-08	1.58068e-07	-6.856119999999999e-32	-1.09578e-28	0.36703	0.000100403	-3.54138e-31	194.33900000000003	33.2623	0.0282908	0.138996	0.00010388	0	-1.7149699999999998e-31	0.000259783	0	-8.986469999999999e-33	-9.926269999999998e-30	-2.25638e-32	0.0005	0.150117	
15440	1.96722	3.89996e-06	1.94264e-05	344.121	425.879	145.72	63.1017	2469.97	0.0322917	0.0008159939999999999	246.898	0.123368	2432.76	2217.24	0.360116	0.149641	6.799739999999999	0.606123	-9.55151e-31	-3.4209e-29	19.9996	-8.563739999999999e-29	7.59039e-08	1.5830399999999999e-07	-6.86166e-32	-1.0967299999999998e-28	0.36603800000000003	0.00010013	-3.5346499999999997e-31	194.395	33.2615	0.0281659	0.138382	0.00010403700000000001	0	-1.7163499999999999e-31	0.000260175	0	-9.020679999999999e-33	-9.92638e-30	-2.2646999999999998e-32	0.0005	0.149641	
15460	1.96722	3.899919999999999e-06	1.94261e-05	343.56199999999995	426.43800000000005	146.11	62.9323	2469.97	0.0322914	0.0008110719999999999	247.06799999999998	0.12315599999999999	2429.22	2220.78	0.358973	0.14916600000000002	6.799739999999999	0.6050800000000001	-9.54398e-31	-3.4181999999999994e-29	19.9996	-8.556979999999999e-29	7.599810000000001e-08	1.5854000000000002e-07	-6.867189999999999e-32	-1.09769e-28	0.365052	9.9859e-05	-3.5279499999999996e-31	194.45	33.2607	0.028041700000000003	0.137772	0.000104194	0	-1.7177399999999999e-31	0.000260568	0	-9.02422e-33	-9.92653e-30	-2.26394e-32	0.0005	0.14916600000000002	
15480	1.96722	3.899880000000001e-06	1.94259e-05	343.004	426.996	146.5	62.7633	2469.97	0.0322911	0.000806187	247.237	0.12294400000000001	2425.69	2224.31	0.357833	0.14869200000000002	6.799739999999999	0.6040369999999999	-9.536409999999998e-31	-3.4154899999999996e-29	19.9996	-8.550159999999999e-29	7.609230000000001e-08	1.58776e-07	-6.87271e-32	-1.0986399999999998e-28	0.364071	9.95891e-05	-3.52128e-31	194.505	33.2599	0.027918099999999998	0.137165	0.000104351	0	-1.7191199999999997e-31	0.00026096	0	-9.007249999999999e-33	-9.92666e-30	-2.2606999999999998e-32	0.0005	0.14869200000000002	
15500	1.96722	3.899840000000001e-06	1.94257e-05	342.44599999999997	427.55400000000003	146.89	62.5948	2469.97	0.0322909	0.00080134	247.405	0.12273099999999999	2422.17	2227.83	0.356696	0.14822000000000002	6.799739999999999	0.602992	-9.52879e-31	-3.41276e-29	19.9996	-8.54336e-29	7.618649999999999e-08	1.59012e-07	-6.87823e-32	-1.0995999999999999e-28	0.363095	9.932059999999999e-05	-3.51465e-31	194.56	33.2592	0.0277952	0.136561	0.00010450700000000001	0	-1.7204999999999998e-31	0.000261352	0	-9.01878e-33	-9.926789999999999e-30	-2.2640599999999997e-32	0.0005	0.14822000000000002	
15520	1.96722	3.8998e-06	1.94255e-05	341.889	428.111	147.28	62.4267	2469.97	0.0322906	0.0007965289999999999	247.57299999999998	0.122518	2418.66	2231.34	0.355562	0.147748	6.799739999999999	0.601947	-9.521289999999999e-31	-3.41007e-29	19.9996	-8.536649999999999e-29	7.628060000000001e-08	1.59248e-07	-6.88375e-32	-1.10055e-28	0.362125	9.90536e-05	-3.5080599999999994e-31	194.614	33.2584	0.0276728	0.13596	0.000104664	0	-1.7218800000000002e-31	0.000261744	0	-9.04641e-33	-9.926919999999999e-30	-2.27267e-32	0.0005	0.147748	
15540	1.96722	3.89976e-06	1.94253e-05	341.332	428.668	147.67	62.2591	2469.97	0.0322903	0.000791754	247.74099999999999	0.122305	2415.16	2234.84	0.35443	0.147278	6.799739999999999	0.600901	-9.51381e-31	-3.4073899999999996e-29	19.9996	-8.529909999999999e-29	7.63748e-08	1.59484e-07	-6.88933e-32	-1.10151e-28	0.36116	9.87881e-05	-3.5015099999999996e-31	194.669	33.2576	0.027551099999999995	0.13536199999999998	0.000104821	0	-1.72327e-31	0.000262136	0	-9.02641e-33	-9.927069999999999e-30	-2.2629799999999995e-32	0.0005	0.147278	
15560	1.96722	3.89971e-06	1.94251e-05	340.776	429.224	148.06	62.0919	2469.97	0.03229	0.000787015	247.908	0.122092	2411.68	2238.32	0.353302	0.146809	6.799739999999999	0.599854	-9.506359999999999e-31	-3.4047199999999996e-29	19.9996	-8.523139999999999e-29	7.6469e-08	1.5972e-07	-6.89455e-32	-1.10248e-28	0.36020100000000005	9.8524e-05	-3.4946399999999996e-31	194.72299999999998	33.2568	0.02743	0.134767	0.00010497700000000001	0	-1.72444e-31	0.000262529	0	-8.99468e-33	-9.92723e-30	-2.2441299999999997e-32	0.0005	0.146809	
15580	1.96722	3.89967e-06	1.94249e-05	340.22	429.78	148.45	61.9252	2469.97	0.0322897	0.000782312	248.075	0.121879	2408.2	2241.8	0.35217600000000004	0.146342	6.799739999999999	0.5988060000000001	-9.498969999999999e-31	-3.40207e-29	19.9996	-8.516389999999999e-29	7.65631e-08	1.59956e-07	-6.90008e-32	-1.10343e-28	0.359246	9.82614e-05	-3.4878599999999997e-31	194.77700000000002	33.256	0.027309500000000004	0.134175	0.000105134	0	-1.7257e-31	0.000262921	0	-9.00936e-33	-9.92751e-30	-2.2159999999999997e-32	0.0005	0.146342	
15600	1.96722	3.89963e-06	1.94247e-05	339.665	430.335	148.84	61.7589	2469.97	0.0322894	0.000777644	248.24099999999999	0.12166600000000001	2404.73	2245.27	0.351054	0.145875	6.799739999999999	0.597757	-9.49185e-31	-3.3995e-29	19.9996	-8.50959e-29	7.66573e-08	1.60192e-07	-6.90521e-32	-1.10436e-28	0.358297	9.80001e-05	-3.48126e-31	194.83	33.2552	0.0271897	0.13358599999999998	0.000105291	0	-1.72701e-31	0.000263313	0	-8.99062e-33	-9.92801e-30	-2.17722e-32	0.0005	0.145875	
15620	1.96722	3.89959e-06	1.94245e-05	339.11	430.89	149.23	61.593	2469.97	0.032289099999999994	0.0007730110000000001	248.407	0.121452	2401.28	2248.72	0.349934	0.14540999999999998	6.799739999999999	0.596708	-9.48417e-31	-3.39676e-29	19.9996	-8.502999999999999e-29	7.67515e-08	1.6042799999999999e-07	-6.911169999999999e-32	-1.1052999999999999e-28	0.35735300000000003	9.77403e-05	-3.47518e-31	194.88400000000001	33.2544	0.0270704	0.133	0.000105448	0	-1.7285999999999997e-31	0.000263705	0	-8.816209999999999e-33	-9.92843e-30	-2.1559199999999998e-32	0.0005	0.14540999999999998	
15640	1.96722	3.89954e-06	1.94243e-05	338.555	431.445	149.619	61.4275	2469.97	0.0322889	0.000768413	248.572	0.12123800000000001	2397.84	2252.16	0.34881799999999996	0.144946	6.799739999999999	0.595658	-9.477059999999999e-31	-3.3942e-29	19.9996	-8.496209999999998e-29	7.68457e-08	1.6066400000000002e-07	-6.916339999999998e-32	-1.10625e-28	0.356414	9.74818e-05	-3.46876e-31	194.937	33.2536	0.026951799999999998	0.132417	0.000105604	0	-1.7298999999999998e-31	0.00026409700000000003	0	-8.92668e-33	-9.92908e-30	-2.0775999999999998e-32	0.0005	0.144946	
15660	1.96722	3.8995e-06	1.9424000000000002e-05	338.00199999999995	431.99800000000005	150.009	61.2625	2469.97	0.032288599999999994	0.000763848	248.738	0.121024	2394.41	2255.59	0.347704	0.144483	6.799739999999999	0.594607	-9.468999999999999e-31	-3.39134e-29	19.9996	-8.489719999999999e-29	7.69398e-08	1.609e-07	-6.921679999999999e-32	-1.1072e-28	0.35548	9.722479999999999e-05	-3.4621099999999995e-31	194.99	33.2528	0.0268337	0.13183699999999998	0.000105761	0	-1.7310799999999998e-31	0.000264489	0	-8.495159999999999e-33	-9.929279999999999e-30	-2.09769e-32	0.0005	0.144483	
15680	1.96722	3.899459999999999e-06	1.9423800000000002e-05	337.449	432.551	150.398	61.0979	2469.97	0.0322883	0.000759318	248.90200000000002	0.12080999999999999	2390.99	2259.01	0.346594	0.144022	6.79973	0.5935560000000001	-9.462069999999999e-31	-3.3888299999999997e-29	19.9996	-8.48286e-29	7.7034e-08	1.6113600000000002e-07	-6.926969999999999e-32	-1.10815e-28	0.354551	9.696909999999999e-05	-3.45549e-31	195.042	33.251999999999995	0.026716200000000002	0.13126	0.000105918	0	-1.73229e-31	0.00026488099999999996	0	-8.524950000000001e-33	-9.92896e-30	-2.12411e-32	0.0005	0.144022	
15700	1.96722	3.899419999999999e-06	1.9423599999999998e-05	336.89599999999996	433.10400000000004	150.787	60.9337	2469.97	0.032288	0.0007548219999999999	249.06599999999997	0.12059600000000001	2387.58	2262.42	0.345486	0.143562	6.79973	0.592504	-9.454749999999999e-31	-3.3861999999999996e-29	19.9996	-8.47616e-29	7.71281e-08	1.61372e-07	-6.932819999999999e-32	-1.1090899999999998e-28	0.353626	9.67148e-05	-3.44949e-31	195.095	33.2512	0.026599400000000002	0.130686	0.000106074	0	-1.7338899999999998e-31	0.000265274	0	-8.877299999999998e-33	-9.92923e-30	-2.0620599999999997e-32	0.0005	0.143562	
15720	1.96722	3.89937e-06	1.9423399999999998e-05	336.344	433.656	151.17700000000002	60.77	2469.97	0.0322877	0.0007503589999999999	249.23	0.12038199999999999	2384.18	2265.82	0.344381	0.143103	6.79973	0.5914510000000001	-9.44696e-31	-3.38343e-29	19.9996	-8.469629999999999e-29	7.72223e-08	1.6160799999999997e-07	-6.938460000000001e-32	-1.1100299999999999e-28	0.352707	9.64618e-05	-3.4436399999999997e-31	195.14700000000002	33.2504	0.026483099999999996	0.130115	0.000106231	0	-1.7355e-31	0.00026566599999999996	0	-8.518979999999999e-33	-9.929739999999999e-30	-2.05602e-32	0.0005	0.143103	
15740	1.96722	3.8993300000000005e-06	1.94232e-05	335.792	434.208	151.566	60.6067	2469.97	0.0322874	0.000745929	249.393	0.12016700000000001	2380.79	2269.21	0.343279	0.142645	6.79973	0.590398	-9.43946e-31	-3.38075e-29	19.9996	-8.463040000000001e-29	7.73165e-08	1.61844e-07	-6.94356e-32	-1.11097e-28	0.35179299999999997	9.62102e-05	-3.4372399999999997e-31	195.199	33.2495	0.026367400000000003	0.129546	0.000106388	0	-1.7366499999999998e-31	0.000266058	0	-8.62281e-33	-9.93022e-30	-2.01661e-32	0.0005	0.142645	
15760	1.96722	3.89929e-06	1.9423e-05	335.241	434.759	151.955	60.4438	2469.97	0.0322871	0.000741531	249.55599999999998	0.119953	2377.41	2272.59	0.342181	0.142188	6.79973	0.589344	-9.43303e-31	-3.3783999999999997e-29	19.9996	-8.45611e-29	7.741060000000001e-08	1.6207999999999998e-07	-6.9488e-32	-1.1119e-28	0.35088400000000003	9.596e-05	-3.43063e-31	195.25099999999998	33.2487	0.026252299999999996	0.12898099999999998	0.000106545	0	-1.73774e-31	0.00026645	0	-8.43587e-33	-9.930149999999999e-30	-2.04567e-32	0.0005	0.142188	
15780	1.96722	3.89924e-06	1.94227e-05	334.69	435.31	152.344	60.2813	2469.97	0.0322868	0.0007371669999999999	249.71900000000002	0.11973800000000001	2374.05	2275.95	0.34108499999999997	0.141733	6.79973	0.58829	-9.42531e-31	-3.37565e-29	19.9996	-8.44956e-29	7.750480000000001e-08	1.62316e-07	-6.954149999999999e-32	-1.1128399999999998e-28	0.349979	9.5711e-05	-3.4243899999999995e-31	195.30200000000002	33.2479	0.0261377	0.128418	0.00010670100000000001	0	-1.73911e-31	0.000266842	0	-8.459959999999998e-33	-9.929989999999998e-30	-2.0537999999999997e-32	0.0005	0.141733	
15800	1.96722	3.8992e-06	1.94225e-05	334.14	435.86	152.733	60.1193	2469.97	0.0322865	0.0007328339999999999	249.88099999999997	0.119524	2370.69	2279.31	0.339992	0.141279	6.79973	0.5872350000000001	-9.41692e-31	-3.3726999999999997e-29	19.9996	-8.443219999999999e-29	7.75989e-08	1.6255199999999999e-07	-6.960119999999999e-32	-1.11378e-28	0.349079	9.54634e-05	-3.41865e-31	195.354	33.2471	0.0260238	0.127858	0.000106858	0	-1.74078e-31	0.00026723400000000004	0	-8.634620000000001e-33	-9.93023e-30	-2.0027699999999997e-32	0.0005	0.141279	
15820	1.96722	3.89916e-06	1.94223e-05	333.59	436.41	153.122	59.9577	2469.97	0.0322862	0.0007285330000000001	250.042	0.119309	2367.35	2282.65	0.338902	0.140826	6.79973	0.58618	-9.41061e-31	-3.37038e-29	19.9996	-8.436299999999999e-29	7.769310000000001e-08	1.6278800000000001e-07	-6.96499e-32	-1.11471e-28	0.348184	9.521709999999999e-05	-3.41246e-31	195.405	33.2463	0.025910400000000004	0.127301	0.000107015	0	-1.7419499999999998e-31	0.000267626	0	-8.338859999999999e-33	-9.930339999999999e-30	-2.03087e-32	0.0005	0.140826	
15840	1.96722	3.89911e-06	1.94221e-05	333.041	436.959	153.511	59.7965	2469.97	0.032285900000000006	0.000724264	250.203	0.119094	2364.01	2285.99	0.33781500000000003	0.140374	6.79973	0.585124	-9.40317e-31	-3.3677199999999994e-29	19.9996	-8.429790000000001e-29	7.77872e-08	1.63024e-07	-6.970569999999999e-32	-1.1156299999999998e-28	0.347294	9.497209999999999e-05	-3.4062199999999994e-31	195.456	33.2455	0.0257976	0.126747	0.00010717100000000001	0	-1.7432099999999997e-31	0.00026801799999999997	0	-8.48706e-33	-9.9302e-30	-2.0542099999999997e-32	0.0005	0.140374	
15860	1.96722	3.89907e-06	1.94219e-05	332.49300000000005	437.50699999999995	153.899	59.6357	2469.97	0.0322856	0.000720026	250.364	0.118879	2360.69	2289.31	0.336731	0.139924	6.79973	0.584068	-9.39563e-31	-3.36503e-29	19.9996	-8.42316e-29	7.788139999999999e-08	1.6326e-07	-6.97589e-32	-1.1165799999999999e-28	0.346408	9.47284e-05	-3.40022e-31	195.50599999999997	33.2446	0.0256853	0.126196	0.00010732799999999999	0	-1.74466e-31	0.000268411	0	-8.504099999999999e-33	-9.929899999999999e-30	-2.0940599999999996e-32	0.0005	0.139924	
15880	1.96722	3.89902e-06	1.94217e-05	331.945	438.055	154.28799999999998	59.4754	2469.97	0.0322853	0.0007158189999999999	250.525	0.118664	2357.38	2292.62	0.33565	0.139475	6.79973	0.583011	-9.38761e-31	-3.36218e-29	19.9996	-8.416639999999998e-29	7.79755e-08	1.63496e-07	-6.98208e-32	-1.11753e-28	0.345527	9.44859e-05	-3.3945099999999993e-31	195.55700000000002	33.2438	0.0255736	0.125647	0.000107485	0	-1.74631e-31	0.00026880299999999997	0	-8.50944e-33	-9.929489999999999e-30	-2.1374699999999998e-32	0.0005	0.139475	
15900	1.96722	3.8989800000000006e-06	1.94214e-05	331.397	438.603	154.67600000000002	59.3155	2469.97	0.032285	0.000711643	250.685	0.118448	2354.07	2295.93	0.334573	0.139027	6.79973	0.581954	-9.37998e-31	-3.3594699999999996e-29	19.9996	-8.41003e-29	7.80697e-08	1.63732e-07	-6.98751e-32	-1.11847e-28	0.34465100000000004	9.42447e-05	-3.38878e-31	195.607	33.243	0.0254625	0.125101	0.00010764100000000001	0	-1.7478699999999999e-31	0.000269195	0	-8.68309e-33	-9.929149999999999e-30	-2.1544500000000001e-32	0.0005	0.139027	
15920	1.96722	3.89894e-06	1.94212e-05	330.85	439.15	155.065	59.156000000000006	2469.97	0.032284600000000004	0.000707498	250.84400000000002	0.11823299999999999	2350.78	2299.22	0.333498	0.13858	6.79973	0.580896	-9.37275e-31	-3.35686e-29	19.9996	-8.40334e-29	7.81638e-08	1.6396799999999998e-07	-6.99301e-32	-1.11941e-28	0.343779	9.400479999999999e-05	-3.3828499999999995e-31	195.657	33.2421	0.025352	0.12455799999999999	0.00010779799999999999	0	-1.74922e-31	0.000269587	0	-8.71142e-33	-9.928939999999998e-30	-2.1675e-32	0.0005	0.13858	
15940	1.96722	3.89889e-06	1.9421e-05	330.30300000000005	439.69699999999995	155.453	58.9969	2469.97	0.0322843	0.000703382	251.003	0.11801800000000001	2347.5	2302.5	0.332426	0.13813499999999998	6.79973	0.579838	-9.36532e-31	-3.35421e-29	19.9996	-8.396799999999998e-29	7.8258e-08	1.64204e-07	-6.99852e-32	-1.12036e-28	0.342912	9.37661e-05	-3.3769e-31	195.707	33.2413	0.0252419	0.124017	0.000107955	0	-1.75057e-31	0.000269979	0	-8.702049999999999e-33	-9.928749999999999e-30	-2.1800999999999998e-32	0.0005	0.13813499999999998	
15960	1.96722	3.89885e-06	1.94208e-05	329.75699999999995	440.24300000000005	155.841	58.8382	2469.97	0.032284	0.000699297	251.162	0.117802	2344.23	2305.77	0.331357	0.137691	6.79973	0.5787800000000001	-9.35794e-31	-3.35157e-29	19.9996	-8.390219999999999e-29	7.83521e-08	1.6444000000000004e-07	-7.003989999999999e-32	-1.1212999999999999e-28	0.342049	9.352870000000001e-05	-3.3710599999999996e-31	195.75599999999997	33.2405	0.0251325	0.12347899999999999	0.00010811200000000001	0	-1.75198e-31	0.000270371	0	-8.768829999999999e-33	-9.92858e-30	-2.1875e-32	0.0005	0.137691	
15980	1.96722	3.8988e-06	1.94206e-05	329.212	440.788	156.22899999999998	58.6799	2469.97	0.0322837	0.0006952410000000001	251.32	0.11758699999999998	2340.97	2309.03	0.330291	0.137248	6.79973	0.5777220000000001	-9.350639999999999e-31	-3.34895e-29	19.9996	-8.3836e-29	7.84463e-08	1.64676e-07	-7.009519999999999e-32	-1.12225e-28	0.34119099999999997	9.32925e-05	-3.3652599999999997e-31	195.80599999999998	33.2396	0.0250236	0.12294400000000001	0.00010826799999999999	0	-1.75337e-31	0.000270763	0	-8.788129999999999e-33	-9.928439999999998e-30	-2.1914199999999997e-32	0.0005	0.137248	
16000	1.96722	3.89876e-06	1.94203e-05	328.667	441.333	156.61700000000002	58.5221	2469.97	0.032283400000000004	0.0006912139999999999	251.47799999999998	0.117371	2337.72	2312.28	0.329228	0.13680599999999998	6.79973	0.576663	-9.343259999999999e-31	-3.3463099999999996e-29	19.9996	-8.377e-29	7.85404e-08	1.64912e-07	-7.015e-32	-1.1232e-28	0.340337	9.30576e-05	-3.3593899999999994e-31	195.855	33.2388	0.024915200000000002	0.12241199999999999	0.000108425	0	-1.7547299999999998e-31	0.000271155	0	-8.77188e-33	-9.928339999999999e-30	-2.1903599999999996e-32	0.0005	0.13680599999999998	
16020	1.96722	3.8987099999999995e-06	1.94201e-05	328.12300000000005	441.87699999999995	157.005	58.3646	2469.97	0.032283099999999995	0.000687217	251.635	0.117156	2334.48	2315.52	0.32816799999999996	0.13636600000000001	6.79973	0.575604	-9.33592e-31	-3.3436799999999995e-29	19.9996	-8.37044e-29	7.863460000000001e-08	1.6514800000000002e-07	-7.02043e-32	-1.12414e-28	0.339488	9.282379999999999e-05	-3.35357e-31	195.90400000000002	33.238	0.0248074	0.12188199999999999	0.00010858200000000001	0	-1.75609e-31	0.000271547	0	-8.7756e-33	-9.92823e-30	-2.1908099999999998e-32	0.0005	0.13636600000000001	
16040	1.96722	3.898669999999999e-06	1.94199e-05	327.579	442.421	157.393	58.2076	2469.97	0.0322828	0.0006832489999999999	251.792	0.11694	2331.26	2318.74	0.327111	0.135926	6.79973	0.5745439999999999	-9.328619999999999e-31	-3.3410599999999995e-29	19.9996	-8.36387e-29	7.87287e-08	1.65383e-07	-7.02598e-32	-1.1250799999999998e-28	0.33864299999999997	9.259129999999999e-05	-3.3477699999999995e-31	195.952	33.2371	0.0247001	0.12135499999999999	0.00010873799999999999	0	-1.7574699999999999e-31	0.000271939	0	-8.8036e-33	-9.92811e-30	-2.1996499999999999e-32	0.0005	0.135926	
16060	1.96722	3.89862e-06	1.94197e-05	327.035	442.965	157.78	58.051	2469.97	0.0322825	0.0006793089999999999	251.949	0.116724	2328.04	2321.96	0.32605700000000004	0.135488	6.79973	0.573485	-9.32127e-31	-3.3384299999999994e-29	19.9996	-8.35727e-29	7.88228e-08	1.6561900000000002e-07	-7.031339999999999e-32	-1.1260200000000001e-28	0.337803	9.236e-05	-3.34198e-31	196.00099999999998	33.2363	0.0245933	0.120831	0.000108895	0	-1.7588399999999999e-31	0.000272331	0	-8.83702e-33	-9.92802e-30	-2.2106699999999998e-32	0.0005	0.135488	
16080	1.96722	3.89858e-06	1.94194e-05	326.492	443.50800000000004	158.168	57.8948	2469.97	0.032282099999999994	0.000675398	252.105	0.11650899999999999	2324.83	2325.17	0.325006	0.135052	6.79973	0.572425	-9.313909999999999e-31	-3.33579e-29	19.9996	-8.35069e-29	7.8917e-08	1.65855e-07	-7.03671e-32	-1.12694e-28	0.336966	9.21298e-05	-3.3362399999999998e-31	196.049	33.2354	0.024487099999999998	0.12030899999999999	0.00010905200000000001	0	-1.76017e-31	0.000272723	0	-8.857790000000001e-33	-9.92799e-30	-2.2153099999999996e-32	0.0005	0.135052	
16100	1.96722	3.8985300000000004e-06	1.9419200000000002e-05	325.95	444.05	158.555	57.739	2469.97	0.0322818	0.0006715139999999999	252.261	0.11629300000000001	2321.63	2328.37	0.32395799999999997	0.134616	6.79973	0.571365	-9.306579999999999e-31	-3.33317e-29	19.9996	-8.34411e-29	7.901110000000001e-08	1.6609100000000003e-07	-7.042069999999999e-32	-1.12787e-28	0.336135	9.19009e-05	-3.33063e-31	196.097	33.2346	0.0243814	0.119789	0.00010920799999999999	0	-1.7615100000000002e-31	0.000273115	0	-8.868809999999999e-33	-9.92797e-30	-2.2189299999999997e-32	0.0005	0.134616	
16120	1.96722	3.89849e-06	1.9419e-05	325.408	444.592	158.942	57.5836	2469.97	0.0322815	0.0006676589999999999	252.416	0.116077	2318.45	2331.55	0.322913	0.134182	6.79973	0.5703050000000001	-9.299259999999999e-31	-3.33055e-29	19.9996	-8.337540000000001e-29	7.91052e-08	1.66327e-07	-7.047539999999999e-32	-1.1288e-28	0.335307	9.16731e-05	-3.32496e-31	196.145	33.2337	0.0242762	0.119273	0.000109365	0	-1.7628699999999997e-31	0.000273507	0	-8.86512e-33	-9.927939999999999e-30	-2.21597e-32	0.0005	0.134182	
16140	1.96722	3.89844e-06	1.94188e-05	324.867	445.13300000000004	159.33	57.4286	2469.97	0.0322812	0.000663831	252.571	0.11586099999999999	2315.27	2334.73	0.321871	0.133749	6.79973	0.569244	-9.29193e-31	-3.3279199999999997e-29	19.9996	-8.33099e-29	7.91994e-08	1.66563e-07	-7.05295e-32	-1.12975e-28	0.334483	9.14465e-05	-3.31924e-31	196.19299999999998	33.2329	0.024171599999999998	0.11875899999999999	0.00010952200000000001	0	-1.7642399999999997e-31	0.0002739	0	-8.84274e-33	-9.92789e-30	-2.2094e-32	0.0005	0.133749	
16160	1.96722	3.8984e-06	1.94185e-05	324.32599999999996	445.67400000000004	159.717	57.2741	2469.97	0.0322808	0.000660031	252.726	0.115645	2312.1	2337.9	0.320832	0.13331700000000002	6.79973	0.568184	-9.284659999999998e-31	-3.32532e-29	19.9996	-8.324469999999999e-29	7.929350000000001e-08	1.66799e-07	-7.05853e-32	-1.1307e-28	0.33366399999999996	9.1221e-05	-3.31353e-31	196.24	33.232	0.0240674	0.118247	0.00010967799999999999	0	-1.7656099999999997e-31	0.000274292	0	-8.83204e-33	-9.92783e-30	-2.20778e-32	0.0005	0.13331700000000002	
16180	1.96722	3.89835e-06	1.94183e-05	323.786	446.214	160.10399999999998	57.1199	2469.97	0.032280500000000004	0.0006562580000000001	252.88	0.11542999999999999	2308.95	2341.05	0.319796	0.13288699999999998	6.79973	0.5671229999999999	-9.2774e-31	-3.3227199999999996e-29	19.9996	-8.317940000000001e-29	7.93876e-08	1.6703499999999999e-07	-7.063789999999999e-32	-1.1316299999999998e-28	0.33284899999999995	9.09967e-05	-3.3080599999999995e-31	196.287	33.2312	0.0239638	0.11773800000000001	0.000109835	0	-1.7669599999999997e-31	0.00027468400000000003	0	-8.84483e-33	-9.92778e-30	-2.2114799999999997e-32	0.0005	0.13288699999999998	
16200	1.96722	3.8983099999999994e-06	1.94181e-05	323.246	446.754	160.491	56.9661	2469.97	0.0322802	0.0006525109999999999	253.03400000000002	0.11521400000000001	2305.8	2344.2	0.318763	0.132457	6.79972	0.566063	-9.27011e-31	-3.3201099999999997e-29	19.9996	-8.311419999999999e-29	7.948180000000001e-08	1.67271e-07	-7.06918e-32	-1.13253e-28	0.332038	9.07735e-05	-3.30261e-31	196.334	33.2303	0.0238607	0.11723099999999999	0.00010999200000000001	0	-1.7683e-31	0.00027507599999999997	0	-8.850749999999999e-33	-9.927749999999999e-30	-2.21216e-32	0.0005	0.132457	
16220	1.96722	3.898259999999999e-06	1.94179e-05	322.707	447.293	160.877	56.8128	2469.97	0.0322799	0.0006487919999999999	253.187	0.114998	2302.66	2347.34	0.317733	0.132029	6.79972	0.565002	-9.26276e-31	-3.3174699999999995e-29	19.9996	-8.30478e-29	7.957589999999999e-08	1.67507e-07	-7.07451e-32	-1.13346e-28	0.331232	9.05515e-05	-3.29699e-31	196.38099999999997	33.2295	0.023758099999999997	0.116727	0.00011014799999999999	0	-1.76963e-31	0.000275468	0	-8.905879999999999e-33	-9.927699999999999e-30	-2.2376299999999998e-32	0.0005	0.132029	
16240	1.96722	3.898219999999999e-06	1.94176e-05	322.168	447.832	161.264	56.6598	2469.97	0.0322795	0.000645099	253.34	0.114782	2299.54	2350.46	0.316706	0.131603	6.79972	0.563941	-9.25507e-31	-3.31471e-29	19.9996	-8.297780000000001e-29	7.967000000000001e-08	1.67743e-07	-7.07887e-32	-1.13445e-28	0.330429	9.03306e-05	-3.2935799999999998e-31	196.428	33.2286	0.0236561	0.116226	0.000110305	0	-1.77087e-31	0.00027586	0	-9.089520000000001e-33	-9.927699999999999e-30	-2.2918599999999998e-32	0.0005	0.131603	
16260	1.96722	3.89817e-06	1.94174e-05	321.63	448.37	161.65	56.5073	2469.97	0.0322792	0.0006414319999999999	253.493	0.11456600000000002	2296.42	2353.58	0.315681	0.131177	6.79972	0.56288	-9.24725e-31	-3.31192e-29	19.9996	-8.290870000000001e-29	7.97641e-08	1.6797899999999997e-07	-7.08701e-32	-1.13549e-28	0.329631	9.01108e-05	-3.2905099999999996e-31	196.47400000000002	33.2278	0.0235545	0.115727	0.000110462	0	-1.7723199999999998e-31	0.000276252	0	-8.9675e-33	-9.92783e-30	-2.2297899999999997e-32	0.0005	0.131177	
16280	1.96722	3.89813e-06	1.94172e-05	321.092	448.908	162.037	56.3551	2469.97	0.0322789	0.000637791	253.645	0.11435	2293.32	2356.68	0.31466	0.130753	6.79972	0.561819	-9.239839999999999e-31	-3.3092699999999995e-29	19.9996	-8.28428e-29	7.98582e-08	1.68214e-07	-7.08898e-32	-1.13651e-28	0.328836	8.98922e-05	-3.28868e-31	196.521	33.2269	0.023453400000000003	0.11523	0.00011061799999999999	0	-1.77378e-31	0.000276644	0	-8.539409999999999e-33	-9.92784e-30	-2.0962499999999997e-32	0.0005	0.130753	
16300	1.96722	3.89808e-06	1.94169e-05	320.555	449.445	162.423	56.2033	2469.97	0.0322786	0.000634176	253.797	0.11413399999999999	2290.22	2359.78	0.31364200000000003	0.13033	6.79972	0.560758	-9.232609999999998e-31	-3.30668e-29	19.9996	-8.27774e-29	7.99524e-08	1.6844999999999998e-07	-7.10947e-32	-1.1374799999999999e-28	0.328045	8.96746e-05	-3.2685699999999996e-31	196.567	33.226	0.023352900000000003	0.11473599999999999	0.000110775	0	-1.77636e-31	0.000277036	0	-7.98876e-33	-9.92738e-30	-1.92585e-32	0.0005	0.13033	
16320	1.96722	3.89803e-06	1.94167e-05	320.018	449.98199999999997	162.809	56.052	2469.97	0.0322782	0.000630586	253.94799999999998	0.113918	2287.14	2362.86	0.312627	0.129908	6.79972	0.559697	-9.22483e-31	-3.30388e-29	19.9996	-8.27059e-29	8.00465e-08	1.68686e-07	-7.124589999999999e-32	-1.13852e-28	0.327259	8.945809999999999e-05	-3.20334e-31	196.612	33.2252	0.0232528	0.114245	0.000110932	0	-1.78091e-31	0.000277428	0	-7.91048e-33	-9.92628e-30	-1.9574599999999997e-32	0.0005	0.129908	
16340	1.96722	3.897990000000001e-06	1.94165e-05	319.482	450.51800000000003	163.195	55.901	2469.97	0.0322779	0.000627022	254.09900000000002	0.113702	2284.06	2365.94	0.31161500000000003	0.129487	6.79972	0.5586369999999999	-9.216559999999999e-31	-3.30092e-29	19.9996	-8.263249999999999e-29	8.014060000000001e-08	1.6892199999999998e-07	-7.08495e-32	-1.13955e-28	0.32647600000000004	8.92427e-05	-3.1978699999999997e-31	196.658	33.2243	0.023153200000000002	0.113755	0.00011108799999999999	0	-1.7785499999999998e-31	0.00027782	0	-8.78509e-33	-9.925199999999999e-30	-2.2503199999999998e-32	0.0005	0.129487	
16360	1.96722	3.897940000000001e-06	1.9416300000000002e-05	318.947	451.05300000000005	163.58100000000002	55.7504	2469.97	0.032277600000000004	0.000623482	254.25	0.11348599999999999	2281.0	2369.0	0.310606	0.12906800000000002	6.79972	0.5575760000000001	-9.20861e-31	-3.29808e-29	19.9996	-8.256209999999998e-29	8.02347e-08	1.69158e-07	-7.159169999999999e-32	-1.14076e-28	0.325698	8.90284e-05	-3.15273e-31	196.703	33.2234	0.0230541	0.11326900000000001	0.000111245	0	-1.7817900000000002e-31	0.000278212	0	-8.261719999999999e-33	-9.925e-30	-1.8938099999999997e-32	0.0005	0.12906800000000002	
16380	1.96722	3.8979e-06	1.9416e-05	318.41200000000003	451.588	163.967	55.6002	2469.97	0.0322772	0.000619968	254.4	0.11327000000000001	2277.94	2372.06	0.3096	0.12865	6.79972	0.556515	-9.20147e-31	-3.29553e-29	19.9996	-8.249909999999999e-29	8.03288e-08	1.69394e-07	-7.08428e-32	-1.14176e-28	0.324923	8.881520000000001e-05	-3.1728499999999997e-31	196.74900000000002	33.2226	0.0229555	0.112784	0.000111402	0	-1.7809699999999998e-31	0.000278604	0	-7.29648e-33	-9.9241e-30	-1.8015299999999998e-32	0.0005	0.12865	
16400	1.96722	3.89785e-06	1.9415799999999998e-05	317.877	452.12300000000005	164.352	55.4505	2469.97	0.0322769	0.0006164780000000001	254.55	0.113054	2274.89	2375.11	0.308596	0.12823299999999999	6.79972	0.555455	-9.1929e-31	-3.2924199999999997e-29	19.9996	-8.24137e-29	8.04229e-08	1.6963000000000002e-07	-7.12881e-32	-1.14348e-28	0.324152	8.860299999999999e-05	-3.22218e-31	196.794	33.2217	0.0228574	0.112302	0.00011155799999999999	0	-1.77984e-31	0.000278996	0	-9.10076e-33	-9.92267e-30	-2.47958e-32	0.0005	0.12823299999999999	
16420	1.96722	3.897799999999999e-06	1.94156e-05	317.343	452.657	164.738	55.3011	2469.97	0.0322765	0.000613013	254.699	0.11283800000000001	2271.86	2378.14	0.307596	0.12781700000000001	6.79972	0.5543939999999999	-9.18259e-31	-3.2887399999999994e-29	19.9996	-8.232659999999999e-29	8.05171e-08	1.69866e-07	-7.18931e-32	-1.14554e-28	0.323385	8.839190000000001e-05	-3.15614e-31	196.83900000000003	33.2208	0.0227598	0.111823	0.000111715	0	-1.7904299999999999e-31	0.000279388	0	-1.244e-32	-9.92363e-30	-3.36418e-32	0.0005	0.12781700000000001	
16440	1.96722	3.89776e-06	1.94153e-05	316.81	453.19	165.123	55.1521	2469.97	0.0322762	0.000609572	254.84799999999998	0.112623	2268.83	2381.17	0.30659899999999995	0.127403	6.79972	0.553334	-9.167169999999999e-31	-3.28361e-29	19.9996	-8.22808e-29	8.061119999999999e-08	1.7010200000000002e-07	-7.167000000000001e-32	-1.14727e-28	0.32262199999999996	8.818190000000001e-05	-3.14774e-31	196.88299999999998	33.2199	0.022662599999999998	0.111345	0.000111872	0	-1.82375e-31	0.00027978	0	-1.30115e-32	-9.926039999999999e-30	-3.89751e-32	0.0005	0.127403	
16460	1.96722	3.89771e-06	1.94151e-05	316.277	453.723	165.50799999999998	55.0035	2469.97	0.0322759	0.000606155	254.997	0.11240699999999999	2265.82	2384.18	0.305605	0.12699000000000002	6.79972	0.5522729999999999	-9.0367e-31	-3.2431e-29	19.9996	-8.26202e-29	8.07053e-08	1.70337e-07	-8.07173e-32	-1.14709e-28	0.321863	8.79728e-05	-3.81456e-31	196.928	33.2191	0.022565900000000003	0.11087000000000001	0.00011202799999999999	0	-2.3349499999999997e-31	0.000280171	0	-1.1556600000000001e-32	-9.927999999999999e-30	-3.41348e-32	0.0005	0.12699000000000002	
16480	1.96722	3.89766e-06	1.94149e-05	315.744	454.256	165.894	54.8553	2469.97	0.0322755	0.000602762	255.145	0.11219100000000001	2262.81	2387.19	0.304613	0.126578	6.79972	0.5512130000000001	-8.96426e-31	-3.2213099999999997e-29	19.9996	-8.27654e-29	8.079939999999999e-08	1.70573e-07	-7.167419999999999e-32	-1.1483e-28	0.32110700000000003	8.77649e-05	-3.7701e-31	196.972	33.2182	0.0224697	0.110398	0.000112185	0	-2.10269e-31	0.000280563	0	-2.00503e-31	-1.0458499999999999e-29	6.68904e-31	0.0005	0.126578	
16500	1.96722	3.8976199999999995e-06	1.94146e-05	315.212	454.788	166.278	54.7074	2469.97	0.032275200000000004	0.000599393	255.293	0.111975	2259.81	2390.19	0.303625	0.126167	6.79972	0.550153	-8.434149999999999e-31	-3.0573099999999996e-29	19.9996	-8.438499999999999e-29	8.08935e-08	1.70809e-07	-7.70126e-32	-1.149e-28	0.320355	8.755790000000001e-05	-3.59703e-31	197.016	33.2173	0.022374	0.109927	0.000112341	0	-2.00266e-31	0.000280955	0	-1.33686e-31	-1.1692e-29	1.81757e-30	0.0005	0.126167	
16520	1.96722	3.897569999999999e-06	1.94144e-05	314.681	455.319	166.66299999999998	54.56	2469.97	0.0322748	0.0005960469999999999	255.44	0.111759	2256.83	2393.17	0.302639	0.12575799999999998	6.79972	0.549094	-8.646049999999999e-31	-3.12599e-29	19.9996	-8.360319999999999e-29	8.09876e-08	1.71045e-07	-7.782539999999999e-32	-1.1493799999999999e-28	0.31960700000000003	8.735200000000001e-05	-3.6515599999999997e-31	197.06	33.2164	0.022278799999999998	0.10945899999999999	0.00011249799999999999	0	-2.1809e-31	0.000281347	0	6.11724e-31	-1.2118199999999999e-29	1.51584e-30	0.0005	0.12575799999999998	
16540	1.96722	3.897519999999999e-06	1.94142e-05	314.15	455.85	167.048	54.4129	2469.97	0.0322745	0.000592724	255.58700000000002	0.111544	2253.85	2396.15	0.301657	0.125349	6.79972	0.548034	-9.82148e-31	-3.4842399999999994e-29	19.9996	-7.98051e-29	8.10817e-08	1.71281e-07	-8.43948e-32	-1.14892e-28	0.318863	8.714709999999999e-05	-4.269659999999999e-31	197.104	33.2156	0.022184	0.10899400000000001	0.000112655	0	-2.77718e-31	0.00028173900000000003	0	3.2408999999999997e-31	-1.2084e-29	1.77306e-30	0.0005	0.125349	
16560	1.96722	3.89747e-06	1.94139e-05	313.62	456.38	167.43200000000002	54.2663	2469.97	0.0322742	0.0005894240000000001	255.734	0.111328	2250.88	2399.12	0.30067699999999997	0.12494200000000001	6.79972	0.546975	-9.725239999999999e-31	-3.44662e-29	19.9996	-8.0078e-29	8.11758e-08	1.71517e-07	-9.28723e-32	-1.14867e-28	0.31812199999999996	8.69432e-05	-4.9544699999999994e-31	197.14700000000002	33.2147	0.0220897	0.10853	0.000112811	0	-3.2950099999999997e-31	0.00028213099999999997	0	5.2298e-31	-1.1052099999999999e-29	5.79874e-31	0.0005	0.12494200000000001	
16580	1.96722	3.8974300000000006e-06	1.94137e-05	313.09	456.91	167.817	54.12	2469.97	0.0322738	0.000586147	255.88	0.11111300000000002	2247.92	2402.08	0.299701	0.124537	6.79972	0.545916	-8.64865e-31	-3.12255e-29	19.9996	-8.330569999999999e-29	8.12699e-08	1.71753e-07	-7.53645e-32	-1.1512299999999998e-28	0.317385	8.674030000000001e-05	-4.35273e-31	197.19099999999997	33.2138	0.0219958	0.10806900000000001	0.00011296799999999999	0	-2.5059999999999997e-31	0.000282523	0	1.19121e-31	-1.06131e-29	5.635009999999999e-31	0.0005	0.124537	
16600	1.96722	3.8973800000000005e-06	1.94135e-05	312.561	457.439	168.201	53.9741	2469.97	0.032273500000000004	0.000582893	256.026	0.11089700000000001	2244.98	2405.02	0.298727	0.12413199999999999	6.79972	0.5448569999999999	-9.0723e-31	-3.2562899999999996e-29	19.9996	-8.18238e-29	8.1364e-08	1.71988e-07	-7.319499999999999e-32	-1.15411e-28	0.316651	8.65384e-05	-3.3500599999999997e-31	197.234	33.2129	0.0219024	0.10761	0.000113125	0	-1.68854e-31	0.000282915	0	1.26056e-31	-1.0655099999999999e-29	5.99892e-31	0.0005	0.12413199999999999	
16620	1.96722	3.89733e-06	1.94132e-05	312.032	457.968	168.585	53.8286	2469.97	0.0322731	0.000579661	256.171	0.11068199999999999	2242.04	2407.96	0.297757	0.12372899999999999	6.79972	0.543799	-9.34852e-31	-3.3308799999999997e-29	19.9996	-8.096039999999999e-29	8.14581e-08	1.72224e-07	-7.11907e-32	-1.1551799999999998e-28	0.315921	8.63375e-05	-3.07447e-31	197.27700000000002	33.211999999999996	0.021809400000000003	0.107154	0.000113281	0	-1.6975e-31	0.000283307	0	2.36598e-31	-1.06952e-29	5.22332e-31	0.0005	0.12372899999999999	
16640	1.96722	3.89729e-06	1.9413e-05	311.504	458.496	168.96900000000002	53.6834	2469.97	0.032272800000000004	0.000576452	256.317	0.11046600000000001	2239.11	2410.89	0.29678899999999997	0.12332699999999999	6.79972	0.54274	-9.01999e-31	-3.2354399999999997e-29	19.9996	-8.185899999999999e-29	8.15522e-08	1.7246e-07	-7.29048e-32	-1.15527e-28	0.315195	8.613760000000001e-05	-3.2949599999999994e-31	197.32	33.2111	0.021717	0.106699	0.000113438	0	-1.97664e-31	0.000283699	0	1.4794499999999999e-31	-1.0482299999999999e-29	3.9385299999999997e-31	0.0005	0.12332699999999999	
16660	1.96722	3.89724e-06	1.94127e-05	310.976	459.024	169.35299999999998	53.5387	2469.97	0.0322724	0.000573265	256.461	0.110251	2236.19	2413.81	0.295824	0.122926	6.79972	0.541682	-8.99679e-31	-3.2294499999999996e-29	19.9996	-8.18304e-29	8.16463e-08	1.72696e-07	-7.299589999999999e-32	-1.156e-28	0.314472	8.593870000000001e-05	-3.37875e-31	197.362	33.2103	0.021624900000000002	0.10624700000000001	0.000113594	0	-1.9080499999999999e-31	0.000284091	0	4.95419e-32	-1.02324e-29	2.4462499999999996e-31	0.0005	0.122926	
16680	1.96722	3.89719e-06	1.94125e-05	310.449	459.551	169.737	53.3943	2469.97	0.0322721	0.000570099	256.606	0.110036	2233.28	2416.72	0.294862	0.122526	6.79972	0.540625	-9.163309999999999e-31	-3.27661e-29	19.9996	-8.125229999999999e-29	8.17404e-08	1.7293199999999998e-07	-7.13202e-32	-1.1572e-28	0.313753	8.57407e-05	-3.2768099999999995e-31	197.405	33.2094	0.0215333	0.105797	0.000113751	0	-1.70426e-31	0.000284483	0	5.576719999999999e-32	-1.01356e-29	1.45671e-31	0.0005	0.122526	
16700	1.96722	3.89714e-06	1.94123e-05	309.922	460.07800000000003	170.12	53.2503	2469.97	0.0322717	0.000566955	256.75	0.10982	2230.38	2419.62	0.293903	0.122128	6.79971	0.539567	-9.104109999999999e-31	-3.25896e-29	19.9996	-8.13409e-29	8.18345e-08	1.73168e-07	-7.16643e-32	-1.1580299999999999e-28	0.313037	8.554370000000001e-05	-3.2155099999999997e-31	197.447	33.2085	0.021442199999999998	0.105349	0.000113908	0	-1.7264099999999998e-31	0.000284875	0	6.08645e-32	-1.01339e-29	1.36302e-31	0.0005	0.122128	
16720	1.96722	3.8970999999999995e-06	1.9412e-05	309.39599999999996	460.60400000000004	170.50400000000002	53.1067	2469.97	0.0322714	0.000563833	256.893	0.109605	2227.49	2422.51	0.29294699999999996	0.12172999999999999	6.79971	0.538511	-9.02673e-31	-3.23611e-29	19.9996	-8.148029999999999e-29	8.19285e-08	1.7340299999999998e-07	-7.330419999999999e-32	-1.15851e-28	0.312325	8.53476e-05	-3.11243e-31	197.489	33.2076	0.0213515	0.104904	0.000114064	0	-1.8669899999999998e-31	0.000285267	0	3.66503e-32	-1.01099e-29	1.33039e-31	0.0005	0.12172999999999999	
16740	1.96722	3.89705e-06	1.94118e-05	308.87	461.13	170.887	52.9635	2469.97	0.032271	0.000560732	257.03700000000003	0.10939000000000002	2224.6	2425.4	0.29199400000000003	0.121334	6.79971	0.537454	-9.06911e-31	-3.2478499999999996e-29	19.9996	-8.12694e-29	8.202260000000001e-08	1.73639e-07	-7.116169999999999e-32	-1.15902e-28	0.311616	8.51525e-05	-3.2547899999999996e-31	197.53099999999998	33.2067	0.0212612	0.10446	0.000114221	0	-1.85382e-31	0.000285658	0	2.35751e-32	-1.00476e-29	8.293889999999998e-32	0.0005	0.121334	
16760	1.96722	3.897e-06	1.9411600000000002e-05	308.345	461.655	171.27	52.8206	2469.97	0.032270599999999997	0.000557652	257.17900000000003	0.109175	2221.73	2428.27	0.291044	0.12094	6.79971	0.5363979999999999	-9.080939999999999e-31	-3.2508799999999997e-29	19.9996	-8.11578e-29	8.21167e-08	1.73875e-07	-7.25542e-32	-1.15966e-28	0.310911	8.49584e-05	-3.37286e-31	197.57299999999998	33.2058	0.021171400000000003	0.104019	0.000114378	0	-1.76868e-31	0.00028605	0	1.7450900000000002e-32	-9.994289999999999e-30	3.7816699999999997e-32	0.0005	0.12094	
16780	1.96722	3.89695e-06	1.94113e-05	307.82099999999997	462.17900000000003	171.653	52.6781	2469.97	0.032270299999999995	0.000554594	257.322	0.10895999999999999	2218.87	2431.13	0.290097	0.120546	6.79971	0.535342	-9.04356e-31	-3.23959e-29	19.9996	-8.119209999999999e-29	8.221080000000001e-08	1.7411100000000002e-07	-7.18487e-32	-1.16021e-28	0.310209	8.47652e-05	-3.42301e-31	197.615	33.2049	0.021082	0.10357999999999999	0.000114534	0	-1.7714000000000001e-31	0.00028644200000000003	0	8.81784e-33	-9.974089999999999e-30	2.91849e-32	0.0005	0.120546	
16800	1.96722	3.8969e-06	1.9411099999999998e-05	307.297	462.70300000000003	172.03599999999997	52.536	2469.97	0.032269900000000004	0.000551556	257.464	0.10874500000000001	2216.02	2433.98	0.289153	0.120154	6.79971	0.534287	-9.03685e-31	-3.2370799999999996e-29	19.9996	-8.111369999999999e-29	8.23049e-08	1.74347e-07	-7.269669999999999e-32	-1.1611499999999999e-28	0.30951	8.457290000000001e-05	-3.35122e-31	197.65599999999998	33.204	0.020993099999999997	0.10314300000000001	0.000114691	0	-1.8301999999999998e-31	0.000286834	0	5.47878e-33	-9.969329999999999e-30	2.61387e-32	0.0005	0.120154	
16820	1.96722	3.89686e-06	1.94108e-05	306.77299999999997	463.227	172.418	52.3943	2469.97	0.032269599999999996	0.000548539	257.606	0.10853099999999999	2213.17	2436.83	0.288211	0.119762	6.79971	0.5332319999999999	-9.043519999999998e-31	-3.2384599999999997e-29	19.9996	-8.099609999999999e-29	8.239900000000001e-08	1.7458300000000002e-07	-7.21506e-32	-1.16211e-28	0.308815	8.43815e-05	-3.3538400000000003e-31	197.697	33.2031	0.0209045	0.102708	0.00011484700000000001	0	-1.8327499999999999e-31	0.00028722599999999996	0	2.2580799999999998e-33	-9.95858e-30	3.91793e-33	0.0005	0.119762	
16840	1.96722	3.8968099999999995e-06	1.94106e-05	306.251	463.749	172.801	52.2529	2469.97	0.0322692	0.000545542	257.747	0.10831600000000001	2210.34	2439.66	0.287273	0.119372	6.79971	0.532177	-9.03158e-31	-3.2346e-29	19.9996	-8.096189999999999e-29	8.249310000000001e-08	1.74818e-07	-7.304499999999999e-32	-1.1625e-28	0.308123	8.41911e-05	-3.2931999999999994e-31	197.738	33.2022	0.020816499999999998	0.102275	0.000115004	0	-1.80576e-31	0.000287618	0	-5.66976e-33	-9.94501e-30	-1.68353e-32	0.0005	0.119372	
16860	1.96722	3.89676e-06	1.94104e-05	305.728	464.272	173.183	52.1119	2469.97	0.0322689	0.000542565	257.888	0.108102	2207.51	2442.49	0.286337	0.11898399999999999	6.79971	0.531123	-9.01994e-31	-3.2307699999999997e-29	19.9996	-8.09167e-29	8.25871e-08	1.7505400000000003e-07	-7.20926e-32	-1.16204e-28	0.307435	8.40016e-05	-3.25307e-31	197.77900000000002	33.2013	0.0207288	0.101844	0.000115161	0	-1.8017399999999998e-31	0.00028801	0	-1.2813e-32	-9.93977e-30	-3.427e-32	0.0005	0.11898399999999999	
16880	1.96722	3.89671e-06	1.94101e-05	305.20599999999996	464.79400000000004	173.565	51.9713	2469.97	0.0322685	0.000539609	258.029	0.10788699999999998	2204.69	2445.31	0.285405	0.11859600000000001	6.79971	0.5300699999999999	-9.016909999999999e-31	-3.22937e-29	19.9996	-8.08352e-29	8.26812e-08	1.7529e-07	-7.12073e-32	-1.16125e-28	0.306749	8.381299999999999e-05	-3.46312e-31	197.82	33.2004	0.0206416	0.10141599999999999	0.00011531700000000001	0	-1.8017199999999999e-31	0.000288402	0	-1.60419e-32	-9.94548e-30	-4.553709999999999e-32	0.0005	0.11859600000000001	
16900	1.96722	3.89666e-06	1.94099e-05	304.685	465.315	173.947	51.8311	2469.97	0.0322681	0.000536673	258.16900000000004	0.107673	2201.89	2448.11	0.284475	0.11821	6.79971	0.5290159999999999	-9.01003e-31	-3.2268299999999996e-29	19.9996	-8.07602e-29	8.27753e-08	1.75526e-07	-7.31485e-32	-1.1612999999999999e-28	0.306068	8.36252e-05	-3.5601599999999995e-31	197.86	33.1995	0.0205547	0.100989	0.000115474	0	-1.81029e-31	0.00028879299999999997	0	-1.7372299999999997e-32	-9.953939999999998e-30	-4.91159e-32	0.0005	0.11821	
16920	1.96722	3.89661e-06	1.94096e-05	304.164	465.836	174.329	51.6912	2469.97	0.0322678	0.000533756	258.309	0.107458	2199.09	2450.91	0.283548	0.117825	6.79971	0.527964	-8.9996e-31	-3.22327e-29	19.9996	-8.06971e-29	8.28694e-08	1.75762e-07	-7.29331e-32	-1.1614899999999998e-28	0.30538899999999997	8.34384e-05	-3.38205e-31	197.90099999999998	33.1986	0.0204684	0.100565	0.00011563	0	-1.8230899999999998e-31	0.000289185	0	-1.7744e-32	-9.96089e-30	-4.8192599999999995e-32	0.0005	0.117825	
16940	1.96722	3.89657e-06	1.94094e-05	303.644	466.356	174.71099999999998	51.5517	2469.97	0.0322674	0.0005308590000000001	258.448	0.107244	2196.3	2453.7	0.282624	0.117441	6.79971	0.5269119999999999	-8.991469999999999e-31	-3.22032e-29	19.9996	-8.061729999999999e-29	8.29634e-08	1.7599699999999998e-07	-7.24782e-32	-1.1619799999999998e-28	0.304713	8.32525e-05	-3.1464099999999997e-31	197.94099999999997	33.1977	0.020382400000000002	0.100143	0.00011578700000000001	0	-1.8224099999999998e-31	0.000289577	0	-1.59878e-32	-9.967239999999999e-30	-4.16624e-32	0.0005	0.117441	
16960	1.96722	3.89652e-06	1.94091e-05	303.124	466.876	175.092	51.4125	2469.97	0.0322671	0.000527982	258.587	0.10703	2193.52	2456.48	0.28170300000000004	0.117058	6.79971	0.52586	-8.983629999999998e-31	-3.21744e-29	19.9996	-8.0535e-29	8.30575e-08	1.7623300000000001e-07	-7.13419e-32	-1.1621499999999998e-28	0.304041	8.30675e-05	-3.27325e-31	197.981	33.1968	0.0202968	0.0997222	0.000115944	0	-1.7997499999999997e-31	0.000289969	0	-1.47496e-32	-9.97289e-30	-4.08587e-32	0.0005	0.117058	
16980	1.96722	3.89647e-06	1.94089e-05	302.605	467.395	175.47400000000002	51.2737	2469.97	0.0322667	0.000525124	258.726	0.10681600000000001	2190.75	2459.25	0.280785	0.116676	6.79971	0.524809	-8.975409999999999e-31	-3.21456e-29	19.9996	-8.04731e-29	8.315160000000001e-08	1.76469e-07	-7.25421e-32	-1.16302e-28	0.303372	8.288329999999999e-05	-3.5112499999999997e-31	198.021	33.1959	0.020211700000000003	0.0993039	0.0001161	0	-1.79586e-31	0.000290361	0	-1.6363e-32	-9.978789999999999e-30	-4.60918e-32	0.0005	0.116676	
17000	1.96722	3.89642e-06	1.94087e-05	302.086	467.914	175.855	51.1353	2469.97	0.0322663	0.000522285	258.865	0.106602	2187.98	2462.02	0.279869	0.11629600000000001	6.79971	0.523759	-8.96833e-31	-3.21204e-29	19.9996	-8.041069999999999e-29	8.32456e-08	1.76705e-07	-7.41513e-32	-1.16432e-28	0.302706	8.27e-05	-3.28759e-31	198.06	33.195	0.0201269	0.0988876	0.00011625700000000001	0	-1.83304e-31	0.000290753	0	-1.66074e-32	-9.98622e-30	-4.31844e-32	0.0005	0.11629600000000001	
17020	1.96722	3.896369999999999e-06	1.94084e-05	301.568	468.43199999999996	176.236	50.9973	2469.97	0.032266	0.000519465	259.003	0.10638900000000001	2185.23	2464.77	0.278957	0.115917	6.79971	0.522709	-8.96228e-31	-3.20986e-29	19.9996	-8.03551e-29	8.333969999999999e-08	1.76941e-07	-7.19517e-32	-1.16552e-28	0.302044	8.25176e-05	-3.0303899999999996e-31	198.1	33.1941	0.020042599999999997	0.0984733	0.000116413	0	-1.8371099999999998e-31	0.000291144	0	-1.4051499999999998e-32	-9.99333e-30	-3.682419999999999e-32	0.0005	0.115917	
17040	1.96722	3.896319999999999e-06	1.9408199999999998e-05	301.05	468.95	176.61700000000002	50.8596	2469.97	0.0322656	0.000516664	259.14	0.106175	2182.49	2467.51	0.278047	0.11553900000000002	6.79971	0.521659	-8.95605e-31	-3.20763e-29	19.9996	-8.029839999999999e-29	8.34338e-08	1.77176e-07	-7.25192e-32	-1.16635e-28	0.30138400000000004	8.2336e-05	-3.02116e-31	198.139	33.1932	0.019958700000000003	0.098061	0.00011657	0	-1.80973e-31	0.000291536	0	-1.1869299999999997e-32	-9.99798e-30	-3.14032e-32	0.0005	0.11553900000000002	
17060	1.96722	3.89627e-06	1.94079e-05	300.533	469.467	176.997	50.7223	2469.97	0.0322652	0.000513882	259.278	0.10596199999999999	2179.75	2470.25	0.27714	0.11516199999999999	6.79971	0.52061	-8.94962e-31	-3.20533e-29	19.9996	-8.02428e-29	8.352780000000001e-08	1.77412e-07	-7.28713e-32	-1.16709e-28	0.300728	8.215530000000001e-05	-3.1233899999999996e-31	198.178	33.1923	0.019875200000000003	0.0976507	0.00011672700000000001	0	-1.8064299999999998e-31	0.000291928	0	-1.16175e-32	-1.0000399999999999e-29	-3.0220599999999997e-32	0.0005	0.11516199999999999	
17080	1.96722	3.89622e-06	1.94077e-05	300.017	469.983	177.378	50.5853	2469.97	0.0322649	0.0005111180000000001	259.415	0.10574800000000001	2177.03	2472.97	0.27623600000000004	0.11478599999999999	6.79971	0.519562	-8.943219999999999e-31	-3.20303e-29	19.9996	-8.01843e-29	8.36219e-08	1.77648e-07	-7.28557e-32	-1.1679899999999999e-28	0.30007399999999995	8.19755e-05	-3.1228799999999997e-31	198.217	33.1913	0.0197921	0.0972423	0.000116883	0	-1.82574e-31	0.00029232	0	-1.1995499999999999e-32	-1.00026e-29	-3.12344e-32	0.0005	0.11478599999999999	
17100	1.96722	3.89617e-06	1.94074e-05	299.501	470.499	177.75799999999998	50.4487	2469.97	0.0322645	0.000508373	259.551	0.10553499999999999	2174.31	2475.69	0.275335	0.11441199999999999	6.79971	0.518515	-8.936819999999999e-31	-3.2007399999999997e-29	19.9996	-8.01266e-29	8.371600000000001e-08	1.7788399999999998e-07	-7.278989999999999e-32	-1.1689799999999999e-28	0.29942399999999997	8.17965e-05	-3.04874e-31	198.25599999999997	33.1904	0.0197093	0.09683589999999999	0.00011704	0	-1.8305599999999997e-31	0.000292712	0	-1.1582299999999998e-32	-1.0005599999999998e-29	-2.99386e-32	0.0005	0.11441199999999999	
17120	1.96722	3.8961199999999996e-06	1.94072e-05	298.985	471.015	178.138	50.3125	2469.97	0.0322641	0.000505646	259.688	0.105322	2171.6	2478.4	0.274437	0.11403900000000002	6.79971	0.517468	-8.929999999999999e-31	-3.1982899999999997e-29	19.9996	-8.00637e-29	8.381000000000001e-08	1.78119e-07	-7.27383e-32	-1.16991e-28	0.298777	8.16183e-05	-3.02614e-31	198.295	33.1895	0.019627000000000002	0.0964315	0.00011719600000000001	0	-1.8191099999999998e-31	0.000293103	0	-1.12952e-32	-1.00086e-29	-3.0021799999999996e-32	0.0005	0.11403900000000002	
17140	1.96722	3.89608e-06	1.9406900000000002e-05	298.47	471.53	178.518	50.1766	2469.97	0.0322637	0.000502937	259.823	0.105109	2168.9	2481.1	0.273541	0.113667	6.79971	0.516421	-8.922549999999998e-31	-3.19562e-29	19.9996	-7.999639999999999e-29	8.390410000000001e-08	1.7835499999999998e-07	-7.28653e-32	-1.17074e-28	0.298133	8.144100000000001e-05	-3.05888e-31	198.333	33.1886	0.0195451	0.096029	0.000117353	0	-1.8163399999999997e-31	0.000293495	0	-1.22235e-32	-1.00111e-29	-3.29284e-32	0.0005	0.113667	
17160	1.96722	3.89603e-06	1.9406700000000002e-05	297.95599999999996	472.04400000000004	178.898	50.0411	2469.97	0.032263400000000005	0.000500246	259.959	0.104896	2166.21	2483.79	0.272649	0.11329600000000001	6.79971	0.5153760000000001	-8.91564e-31	-3.1931599999999997e-29	19.9996	-7.99384e-29	8.39982e-08	1.7859100000000001e-07	-7.301039999999999e-32	-1.1715999999999999e-28	0.29749200000000003	8.12645e-05	-3.07271e-31	198.372	33.1877	0.0194636	0.09562849999999999	0.000117509	0	-1.8258299999999998e-31	0.000293887	0	-1.26334e-32	-1.0014e-29	-3.27136e-32	0.0005	0.11329600000000001	
17180	1.96722	3.89598e-06	1.94065e-05	297.442	472.55800000000005	179.278	49.9059	2469.97	0.032263	0.0004975730000000001	260.094	0.104683	2163.53	2486.47	0.27175900000000003	0.112926	6.79971	0.5143310000000001	-8.91049e-31	-3.1913299999999996e-29	19.9996	-7.98956e-29	8.40922e-08	1.78827e-07	-7.30272e-32	-1.17251e-28	0.29685300000000003	8.10888e-05	-3.05008e-31	198.41	33.1868	0.0193824	0.0952298	0.00011766600000000001	0	-1.83089e-31	0.000294279	0	-1.32619e-32	-1.0017199999999999e-29	-3.66273e-32	0.0005	0.112926	
17200	1.96722	3.89593e-06	1.9406199999999997e-05	296.92900000000003	473.07099999999997	179.657	49.7711	2469.97	0.032262599999999995	0.000494917	260.22900000000004	0.10447100000000001	2160.85	2489.15	0.270872	0.11255699999999999	6.79971	0.513286	-8.906619999999999e-31	-3.18994e-29	19.9996	-7.98605e-29	8.41863e-08	1.7906300000000002e-07	-7.30126e-32	-1.17342e-28	0.296218	8.091399999999999e-05	-3.0313999999999996e-31	198.44799999999998	33.1859	0.019301699999999998	0.0948331	0.00011782299999999999	0	-1.8271899999999998e-31	0.000294671	0	-1.50837e-32	-1.00221e-29	-4.1952999999999993e-32	0.0005	0.11255699999999999	
17220	1.96722	3.8958800000000006e-06	1.9406e-05	296.416	473.584	180.03599999999997	49.6366	2469.97	0.0322623	0.000492279	260.363	0.10425799999999999	2158.19	2491.81	0.269988	0.11219000000000001	6.7997	0.512243	-8.90233e-31	-3.1884e-29	19.9996	-7.982029999999999e-29	8.42803e-08	1.79298e-07	-7.307369999999999e-32	-1.17431e-28	0.295586	8.074e-05	-3.03523e-31	198.486	33.1849	0.0192213	0.0944383	0.00011797899999999999	0	-1.8253299999999997e-31	0.000295062	0	-1.53942e-32	-1.00284e-29	-4.0381400000000003e-32	0.0005	0.11219000000000001	
17240	1.96722	3.8958300000000004e-06	1.94057e-05	295.904	474.096	180.415	49.5025	2469.97	0.0322619	0.000489658	260.497	0.104046	2155.53	2494.47	0.26910700000000004	0.111824	6.7997	0.5112	-8.898329999999999e-31	-3.1869899999999995e-29	19.9996	-7.97902e-29	8.43744e-08	1.7953399999999997e-07	-7.31703e-32	-1.1751799999999999e-28	0.294957	8.05667e-05	-3.04107e-31	198.524	33.184	0.0191413	0.0940454	0.00011813600000000001	0	-1.82951e-31	0.000295454	0	-1.28427e-32	-1.0034099999999999e-29	-3.25307e-32	0.0005	0.111824	
17260	1.96722	3.89578e-06	1.94055e-05	295.392	474.608	180.794	49.3688	2469.97	0.0322615	0.000487055	260.631	0.103834	2152.89	2497.11	0.268228	0.11145899999999999	6.7997	0.510157	-8.89551e-31	-3.1859799999999997e-29	19.9996	-7.976439999999999e-29	8.44684e-08	1.7977e-07	-7.32256e-32	-1.17606e-28	0.29433000000000004	8.03943e-05	-3.03429e-31	198.56099999999998	33.1831	0.0190618	0.0936543	0.00011829200000000001	0	-1.8332699999999997e-31	0.000295846	0	-1.1275700000000001e-32	-1.00374e-29	-3.04594e-32	0.0005	0.11145899999999999	
17280	1.96722	3.89573e-06	1.94052e-05	294.881	475.119	181.173	49.2354	2469.97	0.0322611	0.000484469	260.765	0.103622	2150.25	2499.75	0.267352	0.111095	6.7997	0.509116	-8.89249e-31	-3.18488e-29	19.9996	-7.97334e-29	8.456250000000001e-08	1.8000599999999998e-07	-7.325319999999999e-32	-1.17696e-28	0.293707	8.02227e-05	-3.02343e-31	198.59900000000002	33.1822	0.0189825	0.0932651	0.00011844899999999999	0	-1.8331e-31	0.000296238	0	-1.29122e-32	-1.0039099999999999e-29	-3.5285900000000003e-32	0.0005	0.111095	
17300	1.96722	3.89568e-06	1.9405e-05	294.37	475.63	181.55200000000002	49.1024	2469.97	0.0322607	0.0004819	260.89799999999997	0.10340999999999999	2147.62	2502.38	0.266479	0.110732	6.7997	0.508075	-8.888290000000001e-31	-3.18338e-29	19.9996	-7.969559999999999e-29	8.46565e-08	1.80241e-07	-7.329869999999999e-32	-1.17785e-28	0.293086	8.005189999999999e-05	-3.01886e-31	198.636	33.1813	0.0189037	0.0928778	0.000118605	0	-1.8326599999999997e-31	0.000296629	0	-1.5566699999999998e-32	-1.00421e-29	-4.2944e-32	0.0005	0.110732	
17320	1.96722	3.895630000000001e-06	1.94047e-05	293.86	476.14	181.93	48.9697	2469.97	0.0322604	0.000479347	261.03	0.103198	2145.0	2505.0	0.26560900000000004	0.11037000000000001	6.7997	0.507035	-8.88399e-31	-3.18185e-29	19.9996	-7.96596e-29	8.475060000000001e-08	1.8047699999999998e-07	-7.33631e-32	-1.17873e-28	0.292469	7.98818e-05	-3.01809e-31	198.673	33.1803	0.0188252	0.0924923	0.00011876200000000001	0	-1.8346399999999997e-31	0.00029702099999999996	0	-1.7091599999999997e-32	-1.00486e-29	-4.7211899999999995e-32	0.0005	0.11037000000000001	
17340	1.96722	3.895580000000001e-06	1.94045e-05	293.35	476.65	182.308	48.8373	2469.97	0.032260000000000004	0.000476811	261.163	0.102987	2142.38	2507.62	0.26474200000000003	0.11001	6.7997	0.505996	-8.87944e-31	-3.1801999999999994e-29	19.9996	-7.96135e-29	8.484460000000001e-08	1.80713e-07	-7.34208e-32	-1.17962e-28	0.291854	7.97126e-05	-3.0151e-31	198.71	33.1794	0.018747200000000002	0.0921087	0.00011891799999999999	0	-1.83712e-31	0.000297413	0	-1.8535700000000002e-32	-1.0057099999999999e-29	-5.29146e-32	0.0005	0.11001	
17360	1.96722	3.895530000000001e-06	1.94042e-05	292.841	477.159	182.68599999999998	48.7054	2469.97	0.0322596	0.00047429199999999996	261.295	0.102775	2139.78	2510.22	0.263877	0.109651	6.7997	0.504957	-8.87402e-31	-3.17825e-29	19.9996	-7.956489999999999e-29	8.49386e-08	1.80948e-07	-7.34686e-32	-1.1805e-28	0.291242	7.95441e-05	-3.00921e-31	198.747	33.1785	0.018669400000000003	0.09172689999999999	0.000119075	0	-1.83815e-31	0.000297805	0	-2.02129e-32	-1.00664e-29	-5.66128e-32	0.0005	0.109651	
17380	1.96722	3.89548e-06	1.9404000000000003e-05	292.33299999999997	477.667	183.06400000000002	48.5737	2469.97	0.0322592	0.00047179	261.426	0.10256400000000002	2137.18	2512.82	0.263015	0.109293	6.7997	0.503919	-8.86825e-31	-3.17619e-29	19.9996	-7.95143e-29	8.50327e-08	1.8118400000000002e-07	-7.3512e-32	-1.1813899999999999e-28	0.290633	7.937640000000001e-05	-3.00433e-31	198.78400000000002	33.1776	0.0185921	0.0913469	0.00011923200000000001	0	-1.83865e-31	0.000298196	0	-1.9517099999999996e-32	-1.00764e-29	-5.2285e-32	0.0005	0.109293	
17400	1.96722	3.89543e-06	1.94037e-05	291.825	478.175	183.442	48.4424	2469.97	0.0322588	0.000469303	261.558	0.102353	2134.59	2515.41	0.262156	0.10893599999999999	6.7997	0.5028819999999999	-8.86218e-31	-3.17401e-29	19.9996	-7.945669999999999e-29	8.51267e-08	1.8142e-07	-7.356739999999999e-32	-1.18227e-28	0.290026	7.92095e-05	-3.00134e-31	198.82	33.1766	0.0185151	0.0909687	0.00011938799999999999	0	-1.8400099999999997e-31	0.00029858799999999997	0	-1.66414e-32	-1.00856e-29	-4.453069999999999e-32	0.0005	0.10893599999999999	
17420	1.96722	3.89538e-06	1.9403499999999998e-05	291.317	478.68300000000005	183.81900000000002	48.3115	2469.97	0.032258499999999996	0.00046683300000000005	261.689	0.102142	2132.02	2517.98	0.2613	0.10858	6.7997	0.501846	-8.85539e-31	-3.17157e-29	19.9996	-7.93948e-29	8.522080000000001e-08	1.8165600000000002e-07	-7.36243e-32	-1.18315e-28	0.289423	7.90433e-05	-2.9979099999999997e-31	198.856	33.1757	0.0184385	0.0905923	0.000119545	0	-1.8418199999999997e-31	0.00029898	0	-1.46226e-32	-1.0092399999999999e-29	-3.94065e-32	0.0005	0.10858	
17440	1.96722	3.89533e-06	1.94032e-05	290.81	479.19	184.196	48.1809	2469.97	0.0322581	0.000464379	261.819	0.101931	2129.45	2520.55	0.260447	0.108225	6.7997	0.500811	-8.84886e-31	-3.16925e-29	19.9996	-7.934029999999999e-29	8.53148e-08	1.81891e-07	-7.36735e-32	-1.1840399999999998e-28	0.28882199999999997	7.88779e-05	-2.99326e-31	198.893	33.1748	0.018362299999999998	0.0902177	0.000119701	0	-1.8431299999999999e-31	0.000299372	0	-1.38801e-32	-1.00973e-29	-3.6328699999999997e-32	0.0005	0.108225	
17460	1.96722	3.89528e-06	1.9403e-05	290.30400000000003	479.69599999999997	184.57299999999998	48.0506	2469.97	0.0322577	0.000461941	261.949	0.101721	2126.88	2523.12	0.259596	0.10787200000000001	6.7997	0.499776	-8.84321e-31	-3.1672199999999995e-29	19.9996	-7.92889e-29	8.54088e-08	1.8212700000000003e-07	-7.372319999999998e-32	-1.18492e-28	0.288224	7.871319999999999e-05	-2.9884399999999996e-31	198.929	33.1738	0.0182864	0.08984489999999999	0.00011985799999999999	0	-1.8440999999999998e-31	0.000299763	0	-1.2838e-32	-1.0101399999999999e-29	-3.3086699999999993e-32	0.0005	0.10787200000000001	
17480	1.96722	3.89523e-06	1.94027e-05	289.798	480.202	184.95	47.9207	2469.97	0.032257299999999996	0.000459518	262.079	0.10151	2124.33	2525.67	0.258748	0.107519	6.7997	0.498742	-8.837139999999999e-31	-3.16503e-29	19.9996	-7.92308e-29	8.550289999999999e-08	1.82363e-07	-7.377139999999999e-32	-1.1857999999999999e-28	0.287629	7.85493e-05	-2.98479e-31	198.965	33.1729	0.018210900000000002	0.0894739	0.00012001399999999999	0	-1.84531e-31	0.000300155	0	-1.12043e-32	-1.0104799999999999e-29	-2.85974e-32	0.0005	0.107519	
17500	1.96722	3.895180000000001e-06	1.94025e-05	289.293	480.707	185.327	47.7911	2469.97	0.032256900000000005	0.000457111	262.209	0.1013	2121.78	2528.22	0.257902	0.10716800000000001	6.7997	0.49771000000000004	-8.83006e-31	-3.1624999999999996e-29	19.9996	-7.916829999999999e-29	8.55969e-08	1.8259899999999998e-07	-7.38275e-32	-1.1866799999999998e-28	0.287036	7.83862e-05	-2.98133e-31	199.0	33.172	0.0181357	0.0891046	0.000120171	0	-1.84678e-31	0.000300547	0	-1.01786e-32	-1.01069e-29	-2.60544e-32	0.0005	0.10716800000000001	
17520	1.96722	3.895130000000001e-06	1.94022e-05	288.788	481.212	185.703	47.6619	2469.97	0.0322565	0.00045472	262.33799999999997	0.10109	2119.25	2530.75	0.25706	0.10681800000000001	6.7997	0.49667700000000004	-8.82297e-31	-3.15996e-29	19.9996	-7.9106e-29	8.569089999999999e-08	1.82834e-07	-7.387869999999999e-32	-1.18756e-28	0.286446	7.82238e-05	-2.97713e-31	199.03599999999997	33.1711	0.0180609	0.08873710000000001	0.000120327	0	-1.8481399999999999e-31	0.000300938	0	-1.03407e-32	-1.0108e-29	-2.6715599999999996e-32	0.0005	0.10681800000000001	
17540	1.96722	3.8950800000000005e-06	1.9402e-05	288.284	481.716	186.079	47.533	2469.97	0.0322562	0.00045234400000000003	262.467	0.10088	2116.72	2533.28	0.25622	0.10646900000000001	6.7997	0.49564600000000003	-8.81631e-31	-3.15757e-29	19.9996	-7.9045e-29	8.5785e-08	1.8307e-07	-7.39276e-32	-1.1884399999999998e-28	0.28585900000000003	7.80621e-05	-2.97265e-31	199.071	33.1701	0.0179864	0.08837130000000001	0.000120484	0	-1.8493099999999998e-31	0.00030133	0	-1.1303899999999999e-32	-1.0109199999999999e-29	-2.9921199999999997e-32	0.0005	0.10646900000000001	
17560	1.96722	3.89502e-06	1.94017e-05	287.78	482.22	186.456	47.4045	2469.97	0.0322558	0.000449984	262.596	0.10067000000000001	2114.2	2535.8	0.25538299999999997	0.10612100000000001	6.7997	0.494616	-8.81768e-31	-3.15765e-29	19.9996	-7.895699999999999e-29	8.5879e-08	1.8330600000000001e-07	-7.398060000000001e-32	-1.18932e-28	0.28527399999999997	7.79012e-05	-2.96868e-31	199.107	33.1692	0.0179123	0.0880072	0.00012064	0	-1.85058e-31	0.000301722	0	-1.2330499999999998e-32	-1.0110499999999999e-29	-3.55253e-32	0.0005	0.10612100000000001	
17580	1.96722	3.8949699999999996e-06	1.94015e-05	287.277	482.723	186.831	47.2763	2469.97	0.032255400000000004	0.000447639	262.724	0.100461	2111.69	2538.31	0.254548	0.105774	6.7997	0.49358599999999997	-8.97587e-31	-3.2059099999999995e-29	19.9996	-7.836149999999999e-29	8.597300000000001e-08	1.83541e-07	-7.40808e-32	-1.1902299999999998e-28	0.284692	7.77409e-05	-2.9665299999999996e-31	199.142	33.1683	0.0178386	0.0876449	0.000120797	0	-1.85323e-31	0.000302113	0	-9.23892e-33	-1.00913e-29	-7.78908e-32	0.0005	0.105774	
17600	1.96722	3.8949199999999995e-06	1.94012e-05	286.774	483.226	187.207	47.1484	2469.97	0.032255	0.000445309	262.85200000000003	0.100252	2109.18	2540.82	0.253717	0.105429	6.7997	0.492558	-9.028189999999998e-31	-3.22052e-29	19.9996	-7.808819999999999e-29	8.6067e-08	1.8377700000000002e-07	-7.416079999999999e-32	-1.19116e-28	0.284113	7.75815e-05	-2.96482e-31	199.17700000000002	33.1673	0.017765200000000002	0.08728419999999999	0.000120954	0	-1.85637e-31	0.000302505	0	4.806989999999999e-33	-9.97811e-30	-2.20316e-31	0.0005	0.105429	
17620	1.96722	3.894869999999999e-06	1.94009e-05	286.272	483.728	187.583	47.0209	2469.97	0.0322546	0.00044299300000000003	262.97900000000004	0.10004199999999999	2106.69	2543.31	0.252888	0.105084	6.7997	0.49153	-8.57677e-31	-3.08115e-29	19.9996	-7.940669999999999e-29	8.61611e-08	1.84013e-07	-7.40953e-32	-1.1920399999999998e-28	0.283536	7.74227e-05	-2.95842e-31	199.21200000000002	33.1664	0.0176921	0.08692530000000001	0.00012111	0	-1.8552800000000001e-31	0.000302897	0	-5.93929e-32	-9.932599999999999e-30	-2.05795e-31	0.0005	0.105084	
17640	1.96722	3.89482e-06	1.94007e-05	285.77099999999996	484.22900000000004	187.958	46.8937	2469.97	0.032254200000000004	0.00044069300000000003	263.106	0.09983339999999999	2104.2	2545.8	0.25206100000000004	0.10474100000000001	6.7997	0.49050299999999997	-8.38717e-31	-3.02544e-29	19.9996	-7.98784e-29	8.62551e-08	1.8424800000000002e-07	-7.40741e-32	-1.19286e-28	0.282962	7.72646e-05	-2.94936e-31	199.24599999999998	33.1655	0.0176194	0.08656810000000001	0.000121267	0	-1.8523099999999998e-31	0.000303288	0	-1.6304899999999999e-31	-1.02374e-29	1.74575e-31	0.0005	0.10474100000000001	
17660	1.96722	3.89477e-06	1.9400399999999998e-05	285.27	484.73	188.333	46.7668	2469.97	0.0322538	0.000438407	263.233	0.0996245	2101.72	2548.28	0.251238	0.104399	6.7997	0.48947700000000005	-9.211569999999999e-31	-3.2789499999999995e-29	19.9996	-7.715979999999999e-29	8.634910000000002e-08	1.84484e-07	-7.43297e-32	-1.19374e-28	0.282391	7.71073e-05	-2.9473899999999998e-31	199.28099999999998	33.1645	0.017547099999999996	0.08621260000000001	0.00012142299999999999	0	-1.8563199999999998e-31	0.00030368	0	-1.2363e-31	-1.10224e-29	8.55549e-31	0.0005	0.104399	
17680	1.96722	3.89472e-06	1.94002e-05	284.769	485.231	188.708	46.6403	2469.97	0.0322534	0.000436136	263.36	0.0994159	2099.25	2550.75	0.250417	0.104057	6.7997	0.48845299999999997	-9.28863e-31	-3.29461e-29	19.9996	-7.689879999999999e-29	8.644310000000001e-08	1.8472e-07	-7.443689999999999e-32	-1.19469e-28	0.28182199999999996	7.69507e-05	-2.9504399999999997e-31	199.31599999999997	33.1636	0.017475	0.0858587	0.00012158	0	-1.8634099999999999e-31	0.000304072	0	1.53011e-31	-1.17965e-29	1.3049299999999998e-30	0.0005	0.104057	
17700	1.96722	3.89467e-06	1.93999e-05	284.269	485.731	189.082	46.5141	2469.97	0.032253	0.00043388	263.486	0.0992075	2096.78	2553.22	0.249599	0.103717	6.7997	0.487429	-7.94363e-31	-2.88413e-29	19.9996	-8.105499999999999e-29	8.65372e-08	1.84955e-07	-7.41575e-32	-1.19555e-28	0.281256	7.67947e-05	-2.94295e-31	199.35	33.1627	0.0174033	0.0855065	0.000121736	0	-1.8596800000000002e-31	0.000304463	0	4.99825e-31	-1.1573599999999998e-29	6.76138e-31	0.0005	0.103717	
17720	1.96722	3.89462e-06	1.93997e-05	283.77	486.23	189.457	46.3883	2469.97	0.0322526	0.00043163699999999996	263.612	0.0989992	2094.33	2555.67	0.248783	0.103379	6.799689999999999	0.48640500000000003	-8.547580000000001e-31	-3.0807299999999996e-29	19.9996	-7.89435e-29	8.663119999999999e-08	1.85191e-07	-7.43239e-32	-1.19636e-28	0.280692	7.66395e-05	-2.93266e-31	199.38400000000001	33.1617	0.017332	0.085156	0.00012189299999999999	0	-1.8563300000000001e-31	0.000304855	0	2.9935e-31	-1.05341e-29	-1.8941099999999997e-31	0.0005	0.103379	
17740	1.96722	3.8945699999999995e-06	1.93994e-05	283.27099999999996	486.72900000000004	189.831	46.2628	2469.97	0.0322523	0.000429409	263.737	0.0987912	2091.88	2558.12	0.24796999999999997	0.10304100000000001	6.799689999999999	0.485383	-8.929439999999999e-31	-3.18448e-29	19.9996	-7.77862e-29	8.67252e-08	1.85427e-07	-7.443010000000001e-32	-1.19716e-28	0.28013000000000005	7.6485e-05	-2.92757e-31	199.418	33.1608	0.017261000000000002	0.0848071	0.000122049	0	-1.85832e-31	0.000305247	0	-1.96158e-32	-9.307269999999999e-30	-1.0906e-30	0.0005	0.10304100000000001	
17760	1.96722	3.89451e-06	1.9399200000000002e-05	282.77299999999997	487.227	190.205	46.1376	2469.97	0.0322519	0.00042719599999999997	263.862	0.09858330000000001	2089.44	2560.56	0.24716	0.10270399999999999	6.799689999999999	0.484362	-8.92657e-31	-3.18383e-29	19.9996	-7.770699999999999e-29	8.68192e-08	1.8566299999999999e-07	-7.453829999999999e-32	-1.1980399999999999e-28	0.279572	7.633109999999999e-05	-2.9296299999999996e-31	199.452	33.1598	0.0171903	0.0844598	0.000122206	0	-1.8657299999999998e-31	0.000305638	0	-2.4045899999999998e-31	-8.590839999999998e-30	-1.6047799999999998e-30	0.0005	0.10270399999999999	
17780	1.96722	3.8944599999999995e-06	1.93989e-05	282.275	487.725	190.579	46.0127	2469.97	0.032251499999999995	0.00042499599999999997	263.987	0.0983757	2087.01	2562.99	0.246352	0.102368	6.799689999999999	0.483342	-9.22951e-31	-3.28305e-29	19.9996	-7.65856e-29	8.691319999999999e-08	1.8589800000000001e-07	-7.47276e-32	-1.1990399999999998e-28	0.279015	7.61779e-05	-2.9334e-31	199.486	33.1589	0.01712	0.0841142	0.00012236200000000002	0	-1.87327e-31	0.00030603	0	-2.9171299999999997e-31	-8.29122e-30	-1.88048e-30	0.0005	0.102368	
17800	1.96722	3.894409999999999e-06	1.9398599999999998e-05	281.778	488.222	190.953	45.8882	2469.97	0.0322511	0.00042281	264.112	0.0981682	2084.59	2565.41	0.245547	0.102034	6.799689999999999	0.48232299999999995	-8.81748e-31	-3.14959e-29	19.9996	-7.78641e-29	8.70072e-08	1.86134e-07	-7.465669999999999e-32	-1.19996e-28	0.278462	7.60255e-05	-2.92984e-31	199.519	33.158	0.017049900000000003	0.0837702	0.000122519	0	-1.87182e-31	0.000306422	0	-4.75937e-31	-8.53687e-30	-1.46732e-30	0.0005	0.102034	
17820	1.96722	3.89436e-06	1.93984e-05	281.281	488.719	191.326	45.763999999999996	2469.97	0.0322507	0.00042063800000000003	264.236	0.09796089999999999	2082.17	2567.83	0.244745	0.101701	6.799689999999999	0.481304	-8.62017e-31	-3.09282e-29	19.9996	-7.836049999999999e-29	8.71012e-08	1.8637e-07	-7.459019999999999e-32	-1.20087e-28	0.27791	7.58736e-05	-2.92848e-31	199.553	33.157	0.0169803	0.0834278	0.000122675	0	-1.8666e-31	0.000306813	0	-4.252779999999999e-31	-9.00032e-30	-1.05544e-30	0.0005	0.101701	
17840	1.96722	3.89431e-06	1.93981e-05	280.785	489.215	191.699	45.6401	2469.97	0.032250299999999996	0.00041848	264.36	0.0977539	2079.76	2570.24	0.243945	0.101368	6.799689999999999	0.48028699999999996	-8.69728e-31	-3.1159899999999995e-29	19.9996	-7.803869999999999e-29	8.719519999999999e-08	1.86605e-07	-7.460710000000001e-32	-1.20177e-28	0.277361	7.57225e-05	-2.94162e-31	199.58599999999998	33.1561	0.0169109	0.08308710000000001	0.00012283200000000002	0	-1.86491e-31	0.000307205	0	-2.7380299999999996e-31	-9.393139999999999e-30	-8.05771e-31	0.0005	0.101368	
17860	1.96722	3.89426e-06	1.93979e-05	280.29	489.71	192.072	45.5166	2469.97	0.032249900000000005	0.000416336	264.483	0.09754700000000001	2077.36	2572.64	0.243148	0.101037	6.799689999999999	0.479271	-8.77715e-31	-3.13813e-29	19.9996	-7.77278e-29	8.72892e-08	1.86841e-07	-7.476669999999999e-32	-1.2026299999999999e-28	0.27681500000000003	7.5572e-05	-2.95293e-31	199.61900000000003	33.1551	0.0168419	0.0827479	0.00012298799999999998	0	-1.86916e-31	0.000307596	0	-1.90136e-31	-9.606989999999999e-30	-6.699009999999999e-31	0.0005	0.101037	
17880	1.96722	3.8942e-06	1.93976e-05	279.795	490.205	192.445	45.3934	2469.97	0.0322495	0.000414204	264.607	0.0973404	2074.97	2575.03	0.24235399999999999	0.100707	6.799689999999999	0.478256	-8.665399999999998e-31	-3.1044399999999997e-29	19.9996	-7.79931e-29	8.73833e-08	1.87076e-07	-7.477069999999999e-32	-1.20317e-28	0.276271	7.54222e-05	-2.9620999999999996e-31	199.65200000000002	33.1542	0.0167731	0.0824103	0.000123145	0	-1.8724699999999998e-31	0.000307988	0	-2.0945999999999997e-31	-9.73518e-30	-5.2523000000000005e-31	0.0005	0.100707	
17900	1.96722	3.89415e-06	1.93974e-05	279.3	490.7	192.81799999999998	45.2705	2469.97	0.032249099999999996	0.00041208699999999995	264.72900000000004	0.0971339	2072.59	2577.41	0.241562	0.100378	6.799689999999999	0.47724099999999997	-8.636279999999998e-31	-3.09666e-29	19.9996	-7.79988e-29	8.747730000000001e-08	1.87312e-07	-7.45953e-32	-1.20336e-28	0.275729	7.52731e-05	-2.98941e-31	199.685	33.1533	0.0167048	0.0820743	0.000123301	0	-1.8697399999999997e-31	0.00030838	0	-1.6822700000000001e-31	-9.88697e-30	-4.22158e-31	0.0005	0.100378	
17920	1.96722	3.8941000000000005e-06	1.93971e-05	278.806	491.194	193.19	45.1479	2469.97	0.032248700000000005	0.000409982	264.85200000000003	0.09692769999999999	2070.21	2579.79	0.24077199999999999	0.10005	6.799689999999999	0.476228	-8.70077e-31	-3.11473e-29	19.9996	-7.77414e-29	8.75713e-08	1.87548e-07	-7.47869e-32	-1.2038299999999998e-28	0.27519	7.51246e-05	-3.02123e-31	199.718	33.1523	0.0166367	0.08173989999999999	0.00012345799999999998	0	-1.86769e-31	0.000308771	0	-9.99526e-32	-1.00457e-29	-3.36145e-31	0.0005	0.10005	
17940	1.96722	3.89405e-06	1.93968e-05	278.313	491.68699999999995	193.562	45.0257	2469.97	0.0322483	0.00040789099999999996	264.974	0.0967217	2067.84	2582.16	0.239986	0.09972289999999999	6.799689999999999	0.47521599999999997	-8.6901e-31	-3.11107e-29	19.9996	-7.770069999999999e-29	8.76653e-08	1.87783e-07	-7.47645e-32	-1.2044099999999999e-28	0.27465300000000004	7.49768e-05	-3.04739e-31	199.75099999999998	33.1514	0.0165689	0.08140700000000001	0.000123614	0	-1.8699999999999998e-31	0.000309163	0	-8.00806e-32	-1.016e-29	-2.4381099999999998e-31	0.0005	0.09972289999999999	
17960	1.96722	3.8939999999999995e-06	1.93966e-05	277.82	492.18	193.93400000000003	44.9038	2469.97	0.0322479	0.00040581300000000004	265.096	0.0965159	2065.48	2584.52	0.239202	0.0993971	6.799689999999999	0.47420500000000004	-8.65343e-31	-3.10008e-29	19.9996	-7.772909999999999e-29	8.77593e-08	1.88019e-07	-7.53196e-32	-1.20505e-28	0.274118	7.48296e-05	-2.97877e-31	199.783	33.1504	0.0165015	0.0810757	0.000123771	0	-1.87849e-31	0.000309554	0	-7.536939999999999e-32	-1.02251e-29	-1.92602e-31	0.0005	0.0993971	
17980	1.96722	3.89395e-06	1.9396300000000003e-05	277.327	492.673	194.30599999999998	44.7822	2469.97	0.032247500000000005	0.00040374800000000005	265.218	0.0963103	2063.13	2586.87	0.23842	0.09907239999999999	6.799689999999999	0.473195	-8.65221e-31	-3.09919e-29	19.9996	-7.764109999999999e-29	8.78533e-08	1.8825500000000001e-07	-7.46048e-32	-1.2057299999999999e-28	0.273586	7.468310000000001e-05	-2.9605299999999997e-31	199.81599999999997	33.1495	0.016434400000000002	0.0807459	0.000123927	0	-1.8769899999999998e-31	0.00030994599999999996	0	-6.112459999999999e-32	-1.02673e-29	-1.6939199999999999e-31	0.0005	0.09907239999999999	
18000	1.96722	3.89389e-06	1.93961e-05	276.836	493.164	194.67700000000002	44.6609	2469.97	0.0322471	0.000401696	265.339	0.0961049	2060.78	2589.22	0.237641	0.0987487	6.799689999999999	0.472186	-8.655129999999999e-31	-3.0994799999999996e-29	19.9996	-7.753549999999999e-29	8.794729999999999e-08	1.8849e-07	-7.49021e-32	-1.20572e-28	0.273056	7.453720000000001e-05	-2.9833100000000002e-31	199.84799999999998	33.1485	0.016367600000000003	0.08041770000000001	0.000124084	0	-1.8717099999999998e-31	0.000310338	0	-4.86069e-32	-1.03067e-29	-1.4548899999999998e-31	0.0005	0.0987487	
18020	1.96722	3.89384e-06	1.9395799999999998e-05	276.344	493.656	195.048	44.54	2469.97	0.032246699999999996	0.000399657	265.46	0.09589969999999999	2058.45	2591.55	0.23686500000000002	0.0984261	6.799689999999999	0.471178	-8.64482e-31	-3.0959999999999996e-29	19.9996	-7.74799e-29	8.80412e-08	1.88726e-07	-7.51315e-32	-1.2053999999999999e-28	0.272529	7.4392e-05	-2.97252e-31	199.88	33.1476	0.0163011	0.080091	0.00012424	0	-1.8739799999999998e-31	0.00031072900000000004	0	-3.92864e-32	-1.03468e-29	-1.0946799999999999e-31	0.0005	0.0984261	
18040	1.96722	3.89379e-06	1.93955e-05	275.85400000000004	494.14599999999996	195.419	44.4194	2469.97	0.0322463	0.00039763099999999996	265.58099999999996	0.0956948	2056.12	2593.88	0.236091	0.0981046	6.799689999999999	0.470171	-8.63339e-31	-3.0921899999999997e-29	19.9996	-7.74284e-29	8.81352e-08	1.88962e-07	-7.421369999999999e-32	-1.20536e-28	0.272004	7.42474e-05	-3.07376e-31	199.912	33.1466	0.0162349	0.0797658	0.000124397	0	-1.8691199999999998e-31	0.000311121	0	-3.0179400000000003e-32	-1.03791e-29	-7.92333e-32	0.0005	0.0981046	
18060	1.96722	3.89374e-06	1.93953e-05	275.36400000000003	494.63599999999997	195.79	44.2991	2469.97	0.0322459	0.00039561699999999996	265.70099999999996	0.09549010000000001	2053.79	2596.21	0.23531999999999997	0.0977842	6.799689999999999	0.46916499999999994	-8.62733e-31	-3.08996e-29	19.9996	-7.736439999999999e-29	8.82292e-08	1.89197e-07	-7.52535e-32	-1.20552e-28	0.271481	7.41034e-05	-3.09018e-31	199.94400000000002	33.1457	0.016169	0.0794421	0.00012455299999999998	0	-1.87241e-31	0.000311512	0	-2.48788e-32	-1.0398299999999998e-29	-6.93941e-32	0.0005	0.0977842	
18080	1.96722	3.893680000000001e-06	1.9395e-05	274.874	495.126	196.16099999999997	44.1791	2469.97	0.032245499999999996	0.000393615	265.82099999999997	0.0952855	2051.48	2598.52	0.234551	0.0974648	6.799689999999999	0.46816	-8.62354e-31	-3.08845e-29	19.9996	-7.730319999999999e-29	8.832319999999999e-08	1.89433e-07	-7.51668e-32	-1.20566e-28	0.27096	7.396e-05	-3.05088e-31	199.976	33.1447	0.0161034	0.07912000000000001	0.00012471	0	-1.8776599999999997e-31	0.000311904	0	-2.3407499999999999e-32	-1.04095e-29	-6.682839999999999e-32	0.0005	0.0974648	
18100	1.96722	3.893630000000001e-06	1.93948e-05	274.385	495.615	196.53099999999998	44.0594	2469.97	0.0322451	0.000391626	265.941	0.0950813	2049.17	2600.83	0.233785	0.0971464	6.799689999999999	0.467157	-8.616999999999999e-31	-3.0861499999999997e-29	19.9996	-7.72524e-29	8.84172e-08	1.89668e-07	-7.43445e-32	-1.20542e-28	0.270442	7.38173e-05	-3.0517499999999996e-31	200.007	33.1438	0.0160382	0.0787993	0.000124866	0	-1.8748699999999999e-31	0.000312295	0	-2.22023e-32	-1.04205e-29	-5.870390000000001e-32	0.0005	0.0971464	
18120	1.96722	3.89358e-06	1.9394500000000002e-05	273.89599999999996	496.10400000000004	196.90099999999998	43.9401	2469.97	0.0322446	0.00038965	266.06	0.0948772	2046.87	2603.13	0.23302199999999998	0.0968291	6.799689999999999	0.466154	-8.608459999999998e-31	-3.0831899999999997e-29	19.9996	-7.719109999999999e-29	8.85112e-08	1.89904e-07	-7.479169999999999e-32	-1.20488e-28	0.269926	7.36752e-05	-3.1121099999999997e-31	200.03900000000002	33.1428	0.0159732	0.07848010000000001	0.00012502299999999999	0	-1.8675599999999998e-31	0.000312687	0	-1.8907499999999998e-32	-1.0432999999999999e-29	-5.00477e-32	0.0005	0.0968291	
18140	1.96722	3.8935300000000005e-06	1.93942e-05	273.408	496.592	197.271	43.821000000000005	2469.97	0.0322442	0.000387685	266.17900000000003	0.09467339999999999	2044.58	2605.42	0.23226100000000002	0.09651289999999998	6.799689999999999	0.465153	-8.60188e-31	-3.08077e-29	19.9996	-7.71222e-29	8.860519999999999e-08	1.9013999999999998e-07	-7.528179999999999e-32	-1.2049799999999998e-28	0.269412	7.35337e-05	-3.1082899999999996e-31	200.07	33.1419	0.015908500000000003	0.0781625	0.000125179	0	-1.8724799999999997e-31	0.000313078	0	-1.77874e-32	-1.0442999999999999e-29	-5.17971e-32	0.0005	0.09651289999999998	
18160	1.96722	3.89348e-06	1.9394e-05	272.921	497.079	197.641	43.7023	2469.97	0.032243799999999996	0.00038573300000000003	266.298	0.09446979999999999	2042.29	2607.71	0.23150199999999999	0.0961977	6.799689999999999	0.464153	-8.597349999999999e-31	-3.07916e-29	19.9996	-7.708699999999999e-29	8.86992e-08	1.90375e-07	-7.477189999999999e-32	-1.20635e-28	0.2689	7.339279999999999e-05	-3.08024e-31	200.101	33.1409	0.0158442	0.0778462	0.000125335	0	-1.8784400000000001e-31	0.00031347	0	-2.07962e-32	-1.04514e-29	-5.94839e-32	0.0005	0.0961977	
18180	1.96722	3.8934199999999996e-06	1.93937e-05	272.434	497.566	198.01	43.5839	2469.97	0.032243400000000005	0.000383793	266.416	0.0942664	2040.02	2609.98	0.230746	0.0958836	6.799689999999999	0.463153	-8.59269e-31	-3.0774899999999997e-29	19.9996	-7.703979999999999e-29	8.87932e-08	1.9061099999999999e-07	-7.444489999999998e-32	-1.2068599999999999e-28	0.268391	7.32525e-05	-3.1492499999999997e-31	200.13299999999998	33.14	0.015780100000000002	0.0775315	0.000125492	0	-1.8715800000000002e-31	0.00031386099999999997	0	-2.33159e-32	-1.04615e-29	-6.433569999999999e-32	0.0005	0.0958836	
18200	1.96722	3.89337e-06	1.93935e-05	271.948	498.05199999999996	198.38	43.4658	2469.97	0.032243	0.000381865	266.534	0.0940632	2037.75	2612.25	0.22999299999999998	0.0955705	6.799689999999999	0.46215500000000004	-8.586109999999999e-31	-3.07511e-29	19.9996	-7.69789e-29	8.888710000000001e-08	1.90846e-07	-7.611289999999999e-32	-1.20627e-28	0.267884	7.31129e-05	-3.03297e-31	200.16400000000002	33.139	0.0157163	0.0772182	0.000125648	0	-1.8805399999999999e-31	0.000314253	0	-2.36972e-32	-1.04747e-29	-6.698519999999999e-32	0.0005	0.0955705	
18220	1.96722	3.89332e-06	1.93932e-05	271.462	498.538	198.74900000000002	43.3481	2469.97	0.032242599999999996	0.00037994900000000003	266.652	0.09386030000000001	2035.48	2614.52	0.229242	0.0952584	6.799689999999999	0.461158	-8.57874e-31	-3.07249e-29	19.9996	-7.691649999999999e-29	8.898110000000001e-08	1.91082e-07	-7.412839999999998e-32	-1.20595e-28	0.267379	7.29738e-05	-3.02419e-31	200.19400000000002	33.1381	0.0156529	0.0769064	0.000125805	0	-1.8777e-31	0.000314644	0	-2.11985e-32	-1.0488399999999999e-29	-5.71255e-32	0.0005	0.0952584	
18240	1.96722	3.89327e-06	1.93929e-05	270.97700000000003	499.023	199.11700000000002	43.2306	2469.97	0.032242200000000006	0.000378044	266.769	0.09365760000000001	2033.23	2616.77	0.22849299999999997	0.09494739999999999	6.79968	0.460163	-8.571859999999999e-31	-3.0700199999999996e-29	19.9996	-7.68538e-29	8.90751e-08	1.91318e-07	-7.56893e-32	-1.2065299999999999e-28	0.266876	7.28353e-05	-2.9308499999999995e-31	200.225	33.1371	0.015589700000000001	0.076596	0.000125961	0	-1.87953e-31	0.000315036	0	-1.73238e-32	-1.04993e-29	-4.58009e-32	0.0005	0.09494739999999999	
18260	1.96722	3.89321e-06	1.9392699999999998e-05	270.492	499.50800000000004	199.486	43.1134	2469.97	0.0322418	0.00037615099999999997	266.887	0.0934552	2030.98	2619.02	0.22774699999999998	0.0946374	6.79968	0.459168	-8.5653e-31	-3.06766e-29	19.9996	-7.67932e-29	8.916910000000001e-08	1.91553e-07	-7.51207e-32	-1.2077299999999998e-28	0.266375	7.26975e-05	-2.8442699999999996e-31	200.25599999999997	33.1362	0.0155268	0.076287	0.000126118	0	-1.8823699999999999e-31	0.000315427	0	-1.44205e-32	-1.0505999999999998e-29	-3.78493e-32	0.0005	0.0946374	
18280	1.96722	3.89316e-06	1.93924e-05	270.008	499.99199999999996	199.854	42.9966	2469.97	0.032241399999999996	0.00037427	267.003	0.093253	2028.74	2621.26	0.22700399999999998	0.0943285	6.79968	0.45817399999999997	-8.55582e-31	-3.06442e-29	19.9996	-7.674379999999999e-29	8.9263e-08	1.91789e-07	-7.50168e-32	-1.20892e-28	0.265876	7.256020000000001e-05	-2.8015399999999997e-31	200.28599999999997	33.1352	0.015464199999999999	0.07597949999999999	0.000126274	0	-1.8811800000000001e-31	0.000315819	0	-1.4904099999999999e-32	-1.0518499999999998e-29	-2.42842e-32	0.0005	0.0943285	
18300	1.96722	3.89311e-06	1.93921e-05	269.524	500.476	200.222	42.8801	2469.97	0.032241000000000006	0.00037240099999999996	267.12	0.093051	2026.51	2623.49	0.22626300000000002	0.0940205	6.79968	0.457182	-8.447779999999999e-31	-3.03096e-29	19.9996	-7.70156e-29	8.935700000000001e-08	1.92024e-07	-7.51133e-32	-1.20978e-28	0.26538	7.24235e-05	-2.7997399999999997e-31	200.317	33.1343	0.015401900000000001	0.07567339999999999	0.000126431	0	-1.87805e-31	0.00031621	0	-7.42996e-32	-1.0831099999999999e-29	3.3868299999999997e-31	0.0005	0.0940205	
18320	1.96722	3.89305e-06	1.93919e-05	269.041	500.959	200.59	42.7638	2469.97	0.0322406	0.00037054199999999996	267.236	0.09284919999999999	2024.28	2625.72	0.22552399999999997	0.09371360000000001	6.79968	0.456191	-8.514239999999999e-31	-3.05144e-29	19.9996	-7.6727e-29	8.9451e-08	1.9226e-07	-7.544239999999999e-32	-1.21041e-28	0.264886	7.22874e-05	-2.8136999999999996e-31	200.347	33.1333	0.0153399	0.0753687	0.000126587	0	-1.8781899999999998e-31	0.00031660200000000003	0	1.0095399999999998e-32	-1.11364e-29	5.60168e-31	0.0005	0.09371360000000001	
18340	1.96722	3.893e-06	1.93916e-05	268.558	501.44199999999995	200.958	42.6479	2469.97	0.0322401	0.000368696	267.35200000000003	0.0926477	2022.06	2627.94	0.22478800000000002	0.0934078	6.79968	0.455201	-8.85349e-31	-3.1551999999999996e-29	19.9996	-7.55575e-29	8.9545e-08	1.92496e-07	-7.52558e-32	-1.21116e-28	0.264394	7.215189999999999e-05	-2.8103699999999998e-31	200.377	33.1324	0.0152782	0.0750654	0.000126744	0	-1.8846599999999998e-31	0.000316993	0	3.0887899999999996e-31	-1.08245e-29	-3.0554799999999994e-32	0.0005	0.0934078	
18360	1.96722	3.8929500000000006e-06	1.9391400000000002e-05	268.07599999999996	501.92400000000004	201.325	42.5323	2469.97	0.032239699999999996	0.00036686	267.468	0.0924465	2019.85	2630.15	0.22405500000000003	0.0931029	6.79968	0.454212	-8.51103e-31	-3.04696e-29	19.9996	-7.657959999999999e-29	8.96389e-08	1.92731e-07	-7.52136e-32	-1.21204e-28	0.26390399999999997	7.201689999999999e-05	-2.79416e-31	200.407	33.1314	0.0152167	0.0747635	0.00012690000000000002	0	-1.8863399999999997e-31	0.000317385	0	5.451169999999999e-32	-1.0365699999999998e-29	-2.56084e-31	0.0005	0.0931029	
18380	1.96722	3.8929000000000005e-06	1.9391099999999998e-05	267.595	502.405	201.692	42.417	2469.97	0.0322393	0.000365036	267.58299999999997	0.09224550000000001	2017.65	2632.35	0.223323	0.09279910000000001	6.79968	0.453225	-8.84909e-31	-3.15386e-29	19.9996	-7.53901e-29	8.973289999999998e-08	1.92967e-07	-7.546289999999999e-32	-1.21305e-28	0.263416	7.18825e-05	-2.78747e-31	200.437	33.1305	0.015155600000000002	0.074463	0.000127056	0	-1.8882599999999999e-31	0.000317776	0	-2.1293999999999998e-31	-1.0281099999999999e-29	-1.01734e-31	0.0005	0.09279910000000001	
18400	1.96722	3.89284e-06	1.93908e-05	267.11400000000003	502.88599999999997	202.05900000000003	42.302	2469.97	0.0322389	0.00036322300000000003	267.698	0.09204470000000001	2015.45	2634.55	0.222595	0.0924963	6.79968	0.45223800000000003	-8.849429999999998e-31	-3.15132e-29	19.9996	-7.53213e-29	8.98269e-08	1.9320199999999999e-07	-7.548269999999999e-32	-1.2140499999999999e-28	0.26293	7.17487e-05	-2.7894499999999997e-31	200.467	33.1295	0.0150947	0.07416389999999999	0.000127213	0	-1.8893099999999999e-31	0.00031816799999999997	0	-1.67905e-31	-1.07177e-29	2.4783e-31	0.0005	0.0924963	
18420	1.96722	3.89279e-06	1.93906e-05	266.634	503.366	202.426	42.1874	2469.97	0.032238499999999996	0.00036142	267.813	0.0918441	2013.26	2636.74	0.22186799999999998	0.0921945	6.79968	0.45125299999999996	-8.321899999999998e-31	-2.98771e-29	19.9996	-7.6914e-29	8.992079999999999e-08	1.9343800000000001e-07	-7.53648e-32	-1.21491e-28	0.262446	7.16155e-05	-2.7907099999999996e-31	200.49599999999998	33.1285	0.015034100000000002	0.0738661	0.000127369	0	-1.8867899999999998e-31	0.000318559	0	8.400319999999998e-32	-1.1351400000000001e-29	5.80445e-31	0.0005	0.0921945	
18440	1.96722	3.89274e-06	1.93903e-05	266.154	503.846	202.792	42.073	2469.97	0.0322381	0.00035962900000000004	267.927	0.0916438	2011.08	2638.92	0.22114499999999998	0.0918937	6.79968	0.450269	-7.76008e-31	-2.81857e-29	19.9996	-7.85739e-29	9.00148e-08	1.93673e-07	-7.528489999999999e-32	-1.21562e-28	0.261964	7.14829e-05	-2.7803499999999996e-31	200.52599999999998	33.1276	0.0149738	0.0735697	0.000127526	0	-1.88231e-31	0.000318951	0	2.62569e-31	-1.15371e-29	5.22628e-31	0.0005	0.0918937	
18460	1.96722	3.89268e-06	1.939e-05	265.675	504.325	203.158	41.9589	2469.97	0.0322377	0.00035784900000000004	268.041	0.0914438	2008.9	2641.1	0.220423	0.09159389999999999	6.79968	0.44928599999999996	-8.31761e-31	-2.99346e-29	19.9996	-7.669609999999999e-29	9.01088e-08	1.93909e-07	-7.5463e-32	-1.21631e-28	0.26148499999999997	7.13508e-05	-2.7688e-31	200.555	33.1266	0.0149137	0.0732747	0.000127682	0	-1.8830799999999999e-31	0.000319342	0	1.72623e-31	-1.10523e-29	4.39043e-32	0.0005	0.09159389999999999	
18480	1.96722	3.89263e-06	1.93898e-05	265.19599999999997	504.80400000000003	203.524	41.8451	2469.97	0.0322372	0.00035607900000000003	268.155	0.091244	2006.73	2643.27	0.21970399999999998	0.0912951	6.79968	0.448305	-8.851439999999999e-31	-3.14948e-29	19.9996	-7.499319999999999e-29	9.02027e-08	1.94145e-07	-7.56045e-32	-1.21712e-28	0.261007	7.12192e-05	-2.76835e-31	200.584	33.1257	0.014853899999999998	0.07298110000000001	0.000127839	0	-1.88959e-31	0.000319734	0	-7.99611e-32	-1.0640499999999999e-29	-1.61017e-31	0.0005	0.0912951	
18500	1.96722	3.89258e-06	1.93895e-05	264.718	505.282	203.89	41.7316	2469.97	0.0322368	0.00035432	268.268	0.0910445	2004.57	2645.43	0.218987	0.09099739999999999	6.79968	0.447324	-9.09008e-31	-3.2214799999999997e-29	19.9996	-7.415239999999999e-29	9.029669999999999e-08	1.9438e-07	-7.57951e-32	-1.21811e-28	0.260531	7.10882e-05	-2.77609e-31	200.614	33.1247	0.0147944	0.0726888	0.000127995	0	-1.89861e-31	0.000320125	0	-2.05314e-31	-1.08915e-29	1.98813e-31	0.0005	0.09099739999999999	
18520	1.96722	3.892519999999999e-06	1.93892e-05	264.24	505.76	204.255	41.6185	2469.97	0.032236400000000005	0.00035257199999999994	268.382	0.0908452	2002.42	2647.58	0.218273	0.0907006	6.79968	0.446345	-8.969169999999999e-31	-3.18588e-29	19.9996	-7.44177e-29	9.039060000000001e-08	1.94616e-07	-7.58831e-32	-1.21917e-28	0.260058	7.09578e-05	-2.78114e-31	200.643	33.1238	0.0147352	0.07239780000000001	0.000128152	0	-1.90332e-31	0.00032051599999999996	0	4.63922e-32	-1.1229599999999999e-29	2.5335899999999997e-31	0.0005	0.0907006	
18540	1.96722	3.892469999999999e-06	1.9389e-05	263.763	506.23699999999997	204.62	41.5056	2469.97	0.032236	0.000350834	268.494	0.09064610000000001	2000.27	2649.73	0.217561	0.0904048	6.79968	0.445367	-8.49453e-31	-3.0414099999999996e-29	19.9996	-7.58117e-29	9.04846e-08	1.94851e-07	-7.58083e-32	-1.22016e-28	0.25958600000000004	7.08279e-05	-2.77561e-31	200.672	33.1228	0.0146763	0.0721082	0.000128308	0	-1.9003199999999998e-31	0.000320908	0	2.54045e-31	-1.1376099999999998e-29	1.3544399999999998e-31	0.0005	0.0904048	
18560	1.96722	3.89242e-06	1.93887e-05	263.286	506.714	204.985	41.393	2469.97	0.032235599999999996	0.000349107	268.607	0.09044730000000001	1998.13	2651.87	0.216852	0.09011	6.79968	0.44438999999999995	-8.27597e-31	-2.97271e-29	19.9995	-7.64331e-29	9.05786e-08	1.95087e-07	-7.572789999999999e-32	-1.22101e-28	0.259117	7.06986e-05	-2.7620899999999998e-31	200.7	33.1218	0.014617600000000001	0.07181989999999999	0.000128464	0	-1.89444e-31	0.000321299	0	4.6999900000000005e-32	-1.1141099999999999e-29	3.3817599999999996e-32	0.0005	0.09011	
18580	1.96722	3.89236e-06	1.93884e-05	262.81	507.19	205.35	41.2808	2469.97	0.032235200000000006	0.00034739	268.719	0.0902488	1996.0	2654.0	0.21614499999999998	0.0898162	6.79968	0.44341499999999995	-8.83432e-31	-3.14557e-29	19.9995	-7.456379999999999e-29	9.06725e-08	1.95322e-07	-7.59227e-32	-1.22185e-28	0.25864899999999996	7.05698e-05	-2.7567499999999996e-31	200.729	33.1209	0.014559200000000001	0.0715329	0.00012862100000000001	0	-1.8968e-31	0.000321691	0	-1.4100599999999999e-31	-1.09503e-29	-3.6942499999999994e-32	0.0005	0.0898162	
18600	1.96722	3.89231e-06	1.93882e-05	262.335	507.665	205.71400000000003	41.1688	2469.97	0.0322347	0.000345684	268.83099999999996	0.0900505	1993.87	2656.13	0.21544000000000002	0.08952339999999999	6.79968	0.442441	-8.702469999999998e-31	-3.10107e-29	19.9995	-7.493159999999999e-29	9.076650000000001e-08	1.95558e-07	-7.596549999999999e-32	-1.22271e-28	0.258183	7.04416e-05	-2.75781e-31	200.75799999999998	33.1199	0.014500999999999998	0.0712472	0.000128777	0	-1.90176e-31	0.000322082	0	-8.558559999999999e-32	-1.1036199999999998e-29	-5.890669999999999e-32	0.0005	0.08952339999999999	
18620	1.96722	3.89225e-06	1.93879e-05	261.86	508.14	206.078	41.0571	2469.97	0.0322343	0.00034398800000000004	268.943	0.0898525	1991.75	2658.25	0.214738	0.08923160000000001	6.79968	0.441468	-8.59863e-31	-3.07065e-29	19.9995	-7.515319999999999e-29	9.086039999999999e-08	1.95793e-07	-7.60201e-32	-1.22363e-28	0.25771900000000003	7.03138e-05	-2.75899e-31	200.78599999999997	33.119	0.0144431	0.0709628	0.000128934	0	-1.90517e-31	0.000322473	0	6.831319999999999e-32	-1.0938399999999999e-29	-3.7734399999999997e-31	0.0005	0.08923160000000001	
18640	1.96722	3.892200000000001e-06	1.93876e-05	261.38599999999997	508.61400000000003	206.442	40.9457	2469.97	0.0322339	0.00034230199999999995	269.05400000000003	0.0896547	1989.64	2660.36	0.214038	0.0889407	6.79968	0.440496	-8.33905e-31	-2.99201e-29	19.9995	-7.5877e-29	9.09544e-08	1.9602900000000001e-07	-7.59957e-32	-1.2245299999999998e-28	0.257258	7.01867e-05	-2.7544899999999995e-31	200.81400000000002	33.118	0.014385499999999999	0.0706798	0.00012909	0	-1.9033e-31	0.000322865	0	8.970399999999999e-33	-1.0688399999999999e-29	-6.33887e-31	0.0005	0.0889407	
18660	1.96722	3.89215e-06	1.93874e-05	260.91200000000003	509.088	206.80599999999998	40.8347	2469.97	0.0322335	0.00034062599999999996	269.165	0.0894572	1987.53	2662.47	0.21334099999999998	0.08865089999999999	6.79968	0.43952600000000003	-8.21039e-31	-2.9523099999999997e-29	19.9995	-7.620789999999999e-29	9.10483e-08	1.96264e-07	-7.59723e-32	-1.22536e-28	0.256798	7.006e-05	-2.74497e-31	200.843	33.117	0.014328200000000001	0.070398	0.00012924600000000002	0	-1.8990999999999998e-31	0.000323256	0	-1.66737e-31	-1.01101e-29	-1.10565e-30	0.0005	0.08865089999999999	
18680	1.96722	3.89209e-06	1.93871e-05	260.439	509.561	207.17	40.7239	2469.97	0.032233	0.00033896	269.276	0.08925989999999999	1985.44	2664.56	0.21264499999999997	0.088362	6.79968	0.438557	-8.33802e-31	-2.99038e-29	19.9995	-7.574289999999999e-29	9.114230000000001e-08	1.965e-07	-7.603419999999999e-32	-1.2261299999999999e-28	0.25634	6.99339e-05	-2.7382899999999997e-31	200.87099999999998	33.1161	0.014271100000000002	0.0701175	0.000129403	0	-1.89941e-31	0.000323648	0	-2.67382e-31	-9.5173e-30	-1.67692e-30	0.0005	0.088362	
18700	1.96722	3.8920400000000004e-06	1.9386800000000002e-05	259.966	510.034	207.533	40.6134	2469.97	0.03223259999999999	0.000337304	269.387	0.08906289999999999	1983.34	2666.66	0.211952	0.088074	6.79968	0.437589	-8.44637e-31	-3.0234499999999994e-29	19.9995	-7.53271e-29	9.12362e-08	1.96735e-07	-7.61266e-32	-1.22692e-28	0.255884	6.98083e-05	-2.7374799999999997e-31	200.899	33.1151	0.014214300000000001	0.0698383	0.00012955899999999998	0	-1.9034099999999997e-31	0.00032403900000000003	0	-5.44895e-31	-9.77078e-30	-1.2312899999999998e-30	0.0005	0.088074	
18720	1.96722	3.89199e-06	1.9386600000000002e-05	259.494	510.506	207.896	40.5032	2469.97	0.0322322	0.000335658	269.497	0.08886619999999999	1981.26	2668.74	0.21126199999999998	0.0877871	6.79968	0.436622	-8.410179999999998e-31	-3.0116599999999995e-29	19.9995	-7.53678e-29	9.13301e-08	1.96971e-07	-7.618689999999998e-32	-1.2277499999999999e-28	0.25543000000000005	6.968319999999999e-05	-2.7377199999999997e-31	200.92700000000002	33.1142	0.0141577	0.0695603	0.00012971600000000002	0	-1.9067499999999998e-31	0.00032443	0	-3.5484999999999996e-31	-1.0329e-29	-8.959869999999999e-31	0.0005	0.0877871	
18740	1.96722	3.89193e-06	1.93863e-05	259.022	510.978	208.25799999999998	40.3933	2469.97	0.0322318	0.00033402199999999995	269.607	0.0886697	1979.18	2670.82	0.21057399999999998	0.08750110000000001	6.79967	0.43565699999999996	-8.379989999999999e-31	-3.00261e-29	19.9995	-7.53785e-29	9.14241e-08	1.97206e-07	-7.623439999999999e-32	-1.2285999999999998e-28	0.25497800000000004	6.95587e-05	-2.73566e-31	200.955	33.1132	0.014101400000000002	0.0692837	0.000129872	0	-1.9078299999999999e-31	0.000324822	0	-1.73136e-31	-1.08321e-29	-5.75233e-31	0.0005	0.08750110000000001	
18760	1.96722	3.89188e-06	1.9386e-05	258.551	511.449	208.62099999999998	40.2837	2469.97	0.0322314	0.000332395	269.716	0.0884735	1977.11	2672.89	0.20988800000000002	0.0872161	6.79967	0.43469300000000005	-8.379199999999999e-31	-3.0020399999999996e-29	19.9995	-7.53006e-29	9.1518e-08	1.97442e-07	-7.627469999999999e-32	-1.22945e-28	0.254527	6.943470000000001e-05	-2.73106e-31	200.982	33.1122	0.0140453	0.0690082	0.00013002899999999998	0	-1.90764e-31	0.000325213	0	-1.0273e-31	-1.10574e-29	-4.058039999999999e-31	0.0005	0.0872161	
18780	1.96722	3.8918199999999994e-06	1.93857e-05	258.08099999999996	511.91900000000004	208.983	40.1743	2469.97	0.0322309	0.00033077800000000005	269.82599999999996	0.0882775	1975.04	2674.96	0.209204	0.08693200000000001	6.79967	0.43373	-8.40968e-31	-3.01056e-29	19.9995	-7.513069999999999e-29	9.161199999999999e-08	1.97677e-07	-7.63232e-32	-1.23029e-28	0.254079	6.93111e-05	-2.72618e-31	201.01	33.1113	0.0139895	0.0687341	0.000130185	0	-1.90833e-31	0.000325605	0	-1.6253e-31	-1.10391e-29	-3.5829799999999995e-31	0.0005	0.08693200000000001	
18800	1.96722	3.891769999999999e-06	1.93855e-05	257.611	512.389	209.345	40.0653	2469.97	0.0322305	0.000329171	269.935	0.0880818	1972.99	2677.01	0.20852300000000001	0.08664889999999999	6.79967	0.43276899999999996	-8.3887e-31	-3.00385e-29	19.9995	-7.512169999999999e-29	9.17059e-08	1.97913e-07	-7.637339999999999e-32	-1.23112e-28	0.253632	6.918810000000001e-05	-2.72361e-31	201.037	33.1103	0.013934	0.0684612	0.000130341	0	-1.91053e-31	0.000325996	0	-1.47733e-31	-1.1053e-29	-3.64379e-31	0.0005	0.08664889999999999	
18820	1.96722	3.89172e-06	1.93852e-05	257.14099999999996	512.859	209.706	39.9566	2469.97	0.0322301	0.000327574	270.043	0.08788639999999999	1970.94	2679.06	0.207844	0.08636680000000001	6.79967	0.431809	-8.36675e-31	-2.9971399999999996e-29	19.9995	-7.511949999999999e-29	9.17998e-08	1.98148e-07	-7.64248e-32	-1.23194e-28	0.253187	6.90656e-05	-2.7218499999999995e-31	201.065	33.1094	0.0138787	0.0681895	0.000130498	0	-1.91232e-31	0.00032638700000000003	0	-9.611829999999999e-32	-1.1157799999999999e-29	-3.14323e-31	0.0005	0.08636680000000001	
18840	1.96722	3.89166e-06	1.93849e-05	256.672	513.328	210.06799999999998	39.8481	2469.97	0.0322297	0.000325985	270.152	0.0876912	1968.89	2681.11	0.20716700000000002	0.08608560000000001	6.79967	0.43085	-8.36611e-31	-2.99657e-29	19.9995	-7.505039999999999e-29	9.18938e-08	1.98384e-07	-7.64767e-32	-1.23278e-28	0.252744	6.89437e-05	-2.71903e-31	201.092	33.1084	0.013823599999999998	0.06791900000000001	0.00013065399999999999	0	-1.91335e-31	0.000326779	0	-6.49686e-32	-1.12949e-29	-2.02873e-31	0.0005	0.08608560000000001	
18860	1.96722	3.89161e-06	1.93847e-05	256.204	513.7959999999999	210.429	39.74	2469.97	0.032229200000000006	0.000324407	270.26	0.08749630000000001	1966.85	2683.15	0.20649299999999998	0.0858054	6.79967	0.429892	-8.36556e-31	-2.99602e-29	19.9995	-7.4983e-29	9.19877e-08	1.9861899999999999e-07	-7.6521e-32	-1.23361e-28	0.252303	6.88222e-05	-2.71553e-31	201.11900000000003	33.1074	0.0137688	0.06764980000000001	0.000130811	0	-1.91411e-31	0.00032717	0	-4.14899e-32	-1.13989e-29	-1.06854e-31	0.0005	0.0858054	
18880	1.96722	3.89155e-06	1.93844e-05	255.736	514.264	210.79	39.6321	2469.97	0.0322288	0.000322837	270.368	0.0873017	1964.82	2685.18	0.205821	0.08552610000000001	6.79967	0.428936	-8.361239999999998e-31	-2.9943499999999996e-29	19.9995	-7.49232e-29	9.208160000000001e-08	1.9885500000000002e-07	-7.65668e-32	-1.2344499999999999e-28	0.251864	6.87012e-05	-2.71173e-31	201.146	33.1065	0.0137143	0.06738179999999999	0.000130967	0	-1.9150999999999998e-31	0.000327561	0	-3.36485e-32	-1.1429999999999999e-29	-7.25938e-32	0.0005	0.08552610000000001	
18900	1.96722	3.8915e-06	1.93841e-05	255.269	514.731	211.15	39.5245	2469.97	0.0322284	0.000321277	270.476	0.0871073	1962.8	2687.2	0.20515100000000003	0.0852477	6.79967	0.42798100000000006	-8.34878e-31	-2.99028e-29	19.9995	-7.487989999999999e-29	9.217560000000001e-08	1.9909000000000002e-07	-7.66171e-32	-1.2352799999999999e-28	0.251427	6.858069999999999e-05	-2.70865e-31	201.173	33.1055	0.01366	0.067115	0.000131123	0	-1.91661e-31	0.000327953	0	-2.86049e-32	-1.1415999999999999e-29	-8.99308e-32	0.0005	0.0852477	
18920	1.96722	3.89145e-06	1.9383900000000003e-05	254.80200000000002	515.198	211.511	39.4172	2469.97	0.0322279	0.000319726	270.58299999999997	0.0869133	1960.78	2689.22	0.204483	0.0849703	6.79967	0.42702799999999996	-8.342359999999999e-31	-2.9879199999999997e-29	19.9995	-7.48133e-29	9.22695e-08	1.9932600000000002e-07	-7.666569999999999e-32	-1.23611e-28	0.25099099999999996	6.84607e-05	-2.70606e-31	201.2	33.1045	0.013605899999999999	0.0668495	0.00013128	0	-1.9180299999999998e-31	0.000328344	0	-2.82956e-32	-1.14144e-29	-8.328969999999999e-32	0.0005	0.0849703	
18940	1.96722	3.89139e-06	1.93836e-05	254.33599999999998	515.664	211.87099999999998	39.3102	2469.97	0.0322275	0.000318184	270.69	0.0867194	1958.77	2691.23	0.203818	0.0846938	6.79967	0.426075	-8.33828e-31	-2.9863099999999995e-29	19.9995	-7.475109999999999e-29	9.23634e-08	1.99561e-07	-7.67193e-32	-1.2369399999999998e-28	0.25055700000000003	6.83412e-05	-2.70256e-31	201.227	33.1036	0.013552100000000001	0.06658510000000001	0.000131436	0	-1.9192e-31	0.000328735	0	-2.3452900000000002e-32	-1.14329e-29	-5.740419999999999e-32	0.0005	0.0846938	
18960	1.96722	3.89134e-06	1.9383299999999998e-05	253.87099999999998	516.129	212.231	39.2034	2469.97	0.032227099999999995	0.000316651	270.797	0.08652589999999999	1956.76	2693.24	0.203155	0.0844183	6.79967	0.425124	-8.331919999999999e-31	-2.9840399999999996e-29	19.9995	-7.46935e-29	9.24573e-08	1.99797e-07	-7.67616e-32	-1.23777e-28	0.250125	6.82222e-05	-2.6990799999999998e-31	201.253	33.1026	0.013498500000000002	0.06632189999999999	0.000131592	0	-1.92025e-31	0.000329126	0	-1.4647299999999998e-32	-1.1455299999999998e-29	-3.5543999999999996e-32	0.0005	0.0844183	
18980	1.96722	3.891280000000001e-06	1.9383e-05	253.40599999999998	516.594	212.59	39.097	2469.97	0.0322267	0.000315127	270.903	0.0863326	1954.76	2695.24	0.202494	0.0841437	6.79967	0.424175	-8.3254e-31	-2.98176e-29	19.9995	-7.464549999999999e-29	9.25513e-08	2.00032e-07	-7.680939999999999e-32	-1.2386e-28	0.24969499999999997	6.81037e-05	-2.69579e-31	201.28	33.1016	0.0134452	0.06605989999999999	0.000131749	0	-1.92137e-31	0.00032951800000000005	0	-1.0266999999999998e-32	-1.1468299999999999e-29	-2.72791e-32	0.0005	0.0841437	
19000	1.96722	3.8912300000000005e-06	1.93828e-05	252.94099999999997	517.059	212.949	38.9908	2469.97	0.0322262	0.000313612	271.009	0.08613960000000001	1952.77	2697.23	0.201835	0.08387	6.79967	0.423227	-8.31927e-31	-2.97961e-29	19.9995	-7.459869999999999e-29	9.264519999999999e-08	2.00268e-07	-7.685860000000001e-32	-1.2394299999999998e-28	0.249266	6.798560000000001e-05	-2.69295e-31	201.30599999999998	33.1007	0.013392099999999999	0.06579910000000001	0.000131905	0	-1.9226299999999998e-31	0.00032990900000000003	0	-1.0941100000000001e-32	-1.1466199999999998e-29	-3.0069599999999996e-32	0.0005	0.08387	
19020	1.96722	3.89117e-06	1.93825e-05	252.477	517.523	213.308	38.885	2469.97	0.0322258	0.000312106	271.115	0.08594689999999999	1950.79	2699.21	0.201179	0.08359730000000001	6.79967	0.42228000000000004	-8.3148e-31	-2.9779499999999997e-29	19.9995	-7.45484e-29	9.273910000000001e-08	2.00503e-07	-7.69062e-32	-1.24026e-28	0.24883899999999998	6.78681e-05	-2.6905499999999997e-31	201.332	33.0997	0.0133393	0.0655395	0.000132062	0	-1.92392e-31	0.0003303	0	-1.28126e-32	-1.1459899999999999e-29	-2.9395599999999993e-32	0.0005	0.08359730000000001	
19040	1.96722	3.89112e-06	1.93822e-05	252.014	517.986	213.667	38.7794	2469.97	0.0322254	0.000310609	271.221	0.0857544	1948.81	2701.19	0.200525	0.0833255	6.79967	0.42133400000000004	-8.31001e-31	-2.9762399999999997e-29	19.9995	-7.45062e-29	9.283300000000001e-08	2.0073899999999998e-07	-7.69533e-32	-1.24109e-28	0.248414	6.775100000000001e-05	-2.68837e-31	201.359	33.0987	0.013286700000000002	0.06528099999999999	0.000132218	0	-1.92509e-31	0.000330692	0	-1.05453e-32	-1.1458299999999999e-29	-2.46889e-32	0.0005	0.0833255	
19060	1.96722	3.89106e-06	1.9382000000000002e-05	251.551	518.4490000000001	214.02599999999998	38.6741	2469.97	0.0322249	0.000309121	271.32599999999996	0.08556219999999999	1946.83	2703.17	0.199873	0.0830546	6.79967	0.42039	-8.30441e-31	-2.9742399999999996e-29	19.9995	-7.445629999999999e-29	9.292689999999999e-08	2.00974e-07	-7.70032e-32	-1.24191e-28	0.247991	6.76344e-05	-2.68596e-31	201.385	33.0978	0.0132343	0.06502369999999999	0.000132374	0	-1.9262499999999998e-31	0.00033108300000000003	0	-4.814479999999999e-33	-1.146e-29	-6.53767e-33	0.0005	0.0830546	
19080	1.96722	3.89101e-06	1.93817e-05	251.08900000000003	518.911	214.38400000000001	38.569	2469.97	0.0322245	0.000307641	271.431	0.0853703	1944.87	2705.13	0.199223	0.0827846	6.79967	0.419447	-8.298309999999999e-31	-2.97205e-29	19.9995	-7.44014e-29	9.302089999999999e-08	2.0120999999999999e-07	-7.705509999999999e-32	-1.24274e-28	0.247569	6.75183e-05	-2.68251e-31	201.41099999999997	33.0968	0.0131822	0.0647676	0.000132531	0	-1.9274999999999997e-31	0.000331474	0	4.4259299999999996e-34	-1.1458299999999999e-29	7.377719999999999e-33	0.0005	0.0827846	
19100	1.96722	3.89095e-06	1.93814e-05	250.627	519.373	214.74200000000002	38.4643	2469.97	0.0322241	0.00030617	271.536	0.0851787	1942.91	2707.09	0.198576	0.08251549999999999	6.79967	0.41850600000000004	-8.29193e-31	-2.96976e-29	19.9995	-7.43438e-29	9.31148e-08	2.0144500000000001e-07	-7.710210000000001e-32	-1.24357e-28	0.24715	6.74026e-05	-2.67864e-31	201.437	33.0958	0.0131303	0.0645126	0.000132687	0	-1.92877e-31	0.000331865	0	1.6413099999999998e-33	-1.1450599999999998e-29	8.91186e-33	0.0005	0.08251549999999999	
19120	1.96722	3.8908999999999995e-06	1.93811e-05	250.166	519.8340000000001	215.1	38.3598	2469.97	0.0322236	0.000304708	271.64	0.08498739999999999	1940.95	2709.05	0.197931	0.0822474	6.79967	0.417566	-8.28595e-31	-2.9676199999999995e-29	19.9995	-7.429089999999999e-29	9.32087e-08	2.0168e-07	-7.71456e-32	-1.24439e-28	0.246731	6.72874e-05	-2.6753799999999998e-31	201.46200000000002	33.0949	0.013078600000000001	0.0642588	0.000132843	0	-1.92996e-31	0.000332257	0	-1.6448599999999997e-33	-1.1438299999999998e-29	-1.4875999999999999e-33	0.0005	0.0822474	
19140	1.96722	3.89084e-06	1.93809e-05	249.705	520.295	215.457	38.2556	2469.97	0.0322232	0.00030325400000000003	271.744	0.0847963	1939.01	2710.99	0.197287	0.0819801	6.79967	0.416627	-8.2809e-31	-2.96583e-29	19.9995	-7.424869999999999e-29	9.33026e-08	2.0191600000000002e-07	-7.71928e-32	-1.24522e-28	0.246315	6.717270000000001e-05	-2.67328e-31	201.488	33.0939	0.013027200000000003	0.06400610000000001	0.000133	0	-1.93106e-31	0.000332648	0	-5.35983e-33	-1.1428299999999999e-29	-1.1049200000000001e-32	0.0005	0.0819801	
19160	1.96722	3.89079e-06	1.93806e-05	249.245	520.755	215.81400000000002	38.1517	2469.97	0.0322228	0.000301808	271.848	0.0846055	1937.07	2712.93	0.19664600000000002	0.0817138	6.79967	0.41568999999999995	-8.27673e-31	-2.96434e-29	19.9995	-7.421189999999999e-29	9.339650000000001e-08	2.02151e-07	-7.724649999999999e-32	-1.2460399999999999e-28	0.2459	6.70584e-05	-2.6709499999999997e-31	201.514	33.0929	0.012976	0.06375449999999999	0.000133156	0	-1.93227e-31	0.00033303900000000003	0	-5.75584e-33	-1.1423499999999998e-29	-1.1079099999999998e-32	0.0005	0.0817138	
19180	1.96722	3.89074e-06	1.9380299999999998e-05	248.785	521.215	216.171	38.048	2469.97	0.0322223	0.00030037099999999996	271.952	0.084415	1935.13	2714.87	0.196008	0.08144839999999999	6.79967	0.414754	-8.27216e-31	-2.9626799999999997e-29	19.9995	-7.41671e-29	9.349039999999998e-08	2.0238700000000002e-07	-7.729769999999998e-32	-1.24687e-28	0.24548699999999998	6.69446e-05	-2.6673e-31	201.53900000000002	33.092	0.012925	0.0635041	0.000133313	0	-1.9335899999999997e-31	0.00033343	0	-4.45186e-33	-1.1420799999999998e-29	-8.418659999999999e-33	0.0005	0.08144839999999999	
19200	1.96722	3.89068e-06	1.938e-05	248.326	521.674	216.528	37.9447	2469.97	0.0322219	0.000298942	272.055	0.0842248	1933.2	2716.8	0.19537100000000002	0.08118380000000001	6.79967	0.41381899999999994	-8.26631e-31	-2.96058e-29	19.9995	-7.411289999999999e-29	9.35843e-08	2.02622e-07	-7.7336e-32	-1.2476899999999999e-28	0.24507600000000002	6.68313e-05	-2.6645199999999997e-31	201.56400000000002	33.091	0.0128743	0.0632548	0.000133469	0	-1.9347699999999998e-31	0.00033382199999999995	0	-3.9216e-33	-1.1417e-29	-7.547329999999999e-33	0.0005	0.08118380000000001	
19220	1.96722	3.89063e-06	1.93798e-05	247.868	522.132	216.88400000000001	37.8416	2469.97	0.0322215	0.00029752099999999997	272.158	0.0840348	1931.28	2718.72	0.194737	0.0809202	6.79967	0.412886	-8.25949e-31	-2.95814e-29	19.9995	-7.40518e-29	9.36782e-08	2.0285799999999998e-07	-7.73835e-32	-1.24851e-28	0.244666	6.671840000000001e-05	-2.66237e-31	201.59	33.09	0.0128238	0.06300660000000001	0.000133625	0	-1.9358699999999998e-31	0.00033421300000000003	0	-5.03154e-33	-1.14115e-29	-1.0793999999999999e-32	0.0005	0.0809202	
19240	1.96722	3.890569999999999e-06	1.93795e-05	247.41	522.59	217.24	37.7388	2469.97	0.032221	0.000296109	272.26099999999997	0.0838451	1929.37	2720.63	0.194104	0.08065750000000001	6.79967	0.411954	-8.25251e-31	-2.95564e-29	19.9995	-7.39903e-29	9.377209999999999e-08	2.03093e-07	-7.743869999999999e-32	-1.2493299999999998e-28	0.244258	6.6606e-05	-2.66044e-31	201.615	33.0891	0.0127735	0.0627595	0.00013378200000000001	0	-1.93702e-31	0.000334604	0	-7.00883e-33	-1.1405599999999999e-29	-1.58922e-32	0.0005	0.08065750000000001	
19260	1.96722	3.89052e-06	1.93792e-05	246.953	523.047	217.59599999999998	37.6362	2469.97	0.032220599999999995	0.000294705	272.36400000000003	0.0836557	1927.46	2722.54	0.193474	0.0803956	6.79966	0.41102299999999997	-8.246019999999999e-31	-2.95331e-29	19.9995	-7.39313e-29	9.3866e-08	2.0332799999999998e-07	-7.748410000000001e-32	-1.2501499999999998e-28	0.243851	6.649399999999999e-05	-2.65779e-31	201.64	33.0881	0.0127234	0.0625136	0.000133938	0	-1.9383099999999998e-31	0.000334995	0	-7.9972e-33	-1.1402e-29	-1.88682e-32	0.0005	0.0803956	
19280	1.96722	3.89046e-06	1.9378900000000002e-05	246.49599999999998	523.504	217.951	37.5339	2469.97	0.0322202	0.000293309	272.466	0.0834666	1925.55	2724.45	0.19284600000000002	0.0801347	6.79966	0.41009399999999996	-8.23958e-31	-2.9509999999999997e-29	19.9995	-7.387249999999999e-29	9.39599e-08	2.03564e-07	-7.753089999999999e-32	-1.2509799999999998e-28	0.243446	6.63825e-05	-2.65469e-31	201.665	33.0871	0.0126736	0.0622687	0.000134094	0	-1.93956e-31	0.000335387	0	-8.86495e-33	-1.14003e-29	-2.2629700000000002e-32	0.0005	0.0801347	
19300	1.96722	3.89041e-06	1.9378699999999998e-05	246.04	523.96	218.30599999999998	37.4319	2469.97	0.0322197	0.000291921	272.568	0.0832778	1923.66	2726.34	0.19222	0.0798746	6.79966	0.409167	-8.23324e-31	-2.94874e-29	19.9995	-7.38175e-29	9.40538e-08	2.0379899999999998e-07	-7.7579e-32	-1.2518e-28	0.24304299999999998	6.62714e-05	-2.6515899999999996e-31	201.69	33.0862	0.012624	0.0620249	0.000134251	0	-1.9407299999999998e-31	0.000335778	0	-1.0270399999999999e-32	-1.1399399999999999e-29	-2.68012e-32	0.0005	0.0798746	
19320	1.96722	3.89035e-06	1.93784e-05	245.584	524.4159999999999	218.66099999999997	37.3302	2469.97	0.0322193	0.000290541	272.67	0.0830893	1921.77	2728.23	0.191597	0.0796154	6.79966	0.40824	-8.22704e-31	-2.94652e-29	19.9995	-7.3762e-29	9.414769999999999e-08	2.0403500000000001e-07	-7.762619999999999e-32	-1.25262e-28	0.242641	6.61608e-05	-2.64872e-31	201.715	33.0852	0.012574600000000002	0.0617822	0.00013440700000000002	0	-1.94188e-31	0.00033616900000000004	0	-1.08199e-32	-1.1399399999999999e-29	-2.69449e-32	0.0005	0.0796154	
19340	1.96722	3.89029e-06	1.93781e-05	245.12900000000002	524.871	219.016	37.2288	2469.97	0.0322189	0.00028916799999999997	272.77099999999996	0.082901	1919.88	2730.12	0.190975	0.0793571	6.79966	0.407315	-8.220589999999999e-31	-2.9442099999999996e-29	19.9995	-7.37028e-29	9.424160000000001e-08	2.0427e-07	-7.76726e-32	-1.2534299999999998e-28	0.24224099999999998	6.605060000000001e-05	-2.64633e-31	201.739	33.0842	0.012525399999999999	0.061540599999999994	0.000134563	0	-1.9430299999999998e-31	0.00033656	0	-1.1040499999999999e-32	-1.13991e-29	-2.77121e-32	0.0005	0.0793571	
19360	1.96722	3.89024e-06	1.93778e-05	244.674	525.326	219.37	37.1276	2469.97	0.0322184	0.000287804	272.872	0.08271310000000001	1918.0	2732.0	0.190356	0.0790997	6.79966	0.40639200000000003	-8.21371e-31	-2.94173e-29	19.9995	-7.36397e-29	9.43355e-08	2.0450600000000002e-07	-7.772069999999999e-32	-1.25425e-28	0.24184299999999997	6.59408e-05	-2.6438999999999997e-31	201.764	33.0833	0.0124764	0.061300099999999996	0.00013472	0	-1.9442499999999998e-31	0.000336951	0	-1.1605099999999999e-32	-1.1398699999999998e-29	-3.12029e-32	0.0005	0.0790997	
19380	1.96722	3.89018e-06	1.93776e-05	244.22	525.78	219.72400000000002	37.0267	2469.97	0.032218000000000004	0.000286448	272.973	0.08252539999999998	1916.13	2733.87	0.18973800000000002	0.0788432	6.79966	0.40547	-8.206870000000001e-31	-2.93929e-29	19.9995	-7.358069999999999e-29	9.44294e-08	2.04741e-07	-7.777219999999999e-32	-1.25507e-28	0.241446	6.58315e-05	-2.6407099999999998e-31	201.78799999999998	33.0823	0.0124277	0.061060699999999996	0.000134876	0	-1.9454999999999998e-31	0.00033734300000000004	0	-1.3163200000000002e-32	-1.13995e-29	-3.52308e-32	0.0005	0.0788432	
19400	1.96722	3.890130000000001e-06	1.93773e-05	243.767	526.2330000000001	220.078	36.926	2469.97	0.0322175	0.00028509900000000003	273.074	0.082338	1914.26	2735.74	0.189123	0.0785875	6.79966	0.404549	-8.20129e-31	-2.93732e-29	19.9995	-7.35352e-29	9.45233e-08	2.04976e-07	-7.78155e-32	-1.2558899999999998e-28	0.24105100000000002	6.57226e-05	-2.6375399999999996e-31	201.813	33.0813	0.0123792	0.06082230000000001	0.00013503200000000002	0	-1.9466799999999999e-31	0.000337734	0	-1.4711899999999998e-32	-1.1402e-29	-3.94233e-32	0.0005	0.0785875	
19420	1.96722	3.89007e-06	1.9377e-05	243.31400000000002	526.686	220.43200000000002	36.8257	2469.97	0.0322171	0.000283758	273.17400000000004	0.08215089999999999	1912.4	2737.6	0.18850999999999998	0.0783327	6.79966	0.40363000000000004	-8.19609e-31	-2.9354399999999997e-29	19.9995	-7.34842e-29	9.461719999999999e-08	2.05212e-07	-7.786289999999999e-32	-1.2567e-28	0.240657	6.56142e-05	-2.63475e-31	201.83700000000002	33.0804	0.0123309	0.060585	0.000135189	0	-1.94782e-31	0.000338125	0	-1.55578e-32	-1.1405899999999999e-29	-4.1752499999999997e-32	0.0005	0.0783327	
19440	1.96722	3.89002e-06	1.93767e-05	242.862	527.138	220.785	36.7256	2469.97	0.0322167	0.000282425	273.274	0.08196410000000001	1910.55	2739.45	0.187899	0.0780788	6.79966	0.402712	-8.19046e-31	-2.93341e-29	19.9995	-7.34333e-29	9.471110000000001e-08	2.05447e-07	-7.790949999999999e-32	-1.25752e-28	0.240265	6.550619999999999e-05	-2.6325199999999997e-31	201.861	33.0794	0.012282799999999998	0.0603487	0.000135345	0	-1.9489699999999998e-31	0.00033851599999999997	0	-1.5878299999999997e-32	-1.1410599999999999e-29	-4.2835800000000003e-32	0.0005	0.0780788	
19460	1.96722	3.88996e-06	1.93765e-05	242.41	527.59	221.138	36.6257	2469.97	0.0322162	0.00028109900000000004	273.374	0.0817775	1908.7	2741.3	0.18729	0.0778257	6.79966	0.401796	-8.1845e-31	-2.93129e-29	19.9995	-7.33818e-29	9.4805e-08	2.05683e-07	-7.795689999999999e-32	-1.2583299999999998e-28	0.239875	6.53986e-05	-2.63065e-31	201.885	33.0784	0.012234899999999998	0.0601135	0.000135501	0	-1.9501499999999999e-31	0.00033890699999999995	0	-1.52438e-32	-1.1415299999999999e-29	-4.0339499999999996e-32	0.0005	0.0778257	
19480	1.96722	3.88991e-06	1.93762e-05	241.958	528.0419999999999	221.49099999999999	36.5261	2469.97	0.0322158	0.000279781	273.474	0.0815913	1906.86	2743.14	0.186683	0.0775735	6.79966	0.400881	-8.178789999999998e-31	-2.92926e-29	19.9995	-7.33322e-29	9.489889999999999e-08	2.05918e-07	-7.8007e-32	-1.25915e-28	0.239486	6.529140000000001e-05	-2.6281999999999996e-31	201.90900000000002	33.0774	0.0121873	0.0598794	0.00013565799999999998	0	-1.9513899999999998e-31	0.00033929800000000003	0	-1.38739e-32	-1.1419e-29	-3.5327e-32	0.0005	0.0775735	
19500	1.96722	3.8898500000000005e-06	1.93759e-05	241.50799999999998	528.492	221.843	36.4268	2469.97	0.0322153	0.00027847099999999997	273.573	0.0814053	1905.02	2744.98	0.186078	0.0773222	6.79966	0.399967	-8.17348e-31	-2.92734e-29	19.9995	-7.32824e-29	9.499280000000001e-08	2.06153e-07	-7.8059e-32	-1.25996e-28	0.239098	6.51847e-05	-2.62449e-31	201.933	33.0765	0.0121398	0.059646199999999996	0.000135814	0	-1.9526599999999998e-31	0.00033969	0	-1.2378899999999999e-32	-1.14214e-29	-3.18394e-32	0.0005	0.0773222	
19520	1.96722	3.8898000000000004e-06	1.9375599999999998e-05	241.058	528.942	222.195	36.3278	2469.97	0.0322149	0.000277168	273.672	0.0812197	1903.19	2746.81	0.185475	0.07707169999999999	6.79966	0.399055	-8.16789e-31	-2.92534e-29	19.9995	-7.32314e-29	9.50866e-08	2.0638899999999998e-07	-7.809779999999999e-32	-1.2607799999999998e-28	0.23871199999999998	6.50784e-05	-2.62143e-31	201.957	33.0755	0.0120926	0.05941419999999999	0.00013597	0	-1.9538e-31	0.000340081	0	-9.90404e-33	-1.14232e-29	-2.2590899999999998e-32	0.0005	0.07707169999999999	
19540	1.96722	3.88974e-06	1.93754e-05	240.608	529.3919999999999	222.547	36.229	2469.97	0.0322145	0.00027587200000000003	273.77099999999996	0.0810343	1901.37	2748.63	0.184874	0.076822	6.79966	0.398144	-8.16197e-31	-2.92321e-29	19.9995	-7.31784e-29	9.518050000000001e-08	2.06624e-07	-7.814519999999999e-32	-1.2615899999999998e-28	0.238328	6.49725e-05	-2.6193499999999997e-31	201.981	33.0745	0.0120455	0.0591831	0.00013612700000000002	0	-1.9548899999999999e-31	0.000340472	0	-7.24812e-33	-1.1422699999999999e-29	-1.5564099999999999e-32	0.0005	0.076822	
19560	1.96722	3.88969e-06	1.93751e-05	240.15900000000002	529.841	222.898	36.1305	2469.97	0.032214	0.000274583	273.869	0.0808492	1899.55	2750.45	0.184276	0.0765732	6.79966	0.397235	-8.156329999999999e-31	-2.9211999999999997e-29	19.9995	-7.31302e-29	9.527439999999999e-08	2.06859e-07	-7.81971e-32	-1.2623999999999998e-28	0.237945	6.4867e-05	-2.61716e-31	202.005	33.0736	0.011998700000000001	0.058953099999999994	0.00013628299999999998	0	-1.95608e-31	0.000340863	0	-5.7771499999999995e-33	-1.14195e-29	-1.22577e-32	0.0005	0.0765732	
19580	1.96722	3.88963e-06	1.93748e-05	239.71	530.29	223.25	36.0323	2469.97	0.032213599999999995	0.000273302	273.968	0.08066439999999998	1897.73	2752.27	0.183679	0.0763253	6.79966	0.396327	-8.150769999999999e-31	-2.91921e-29	19.9995	-7.30796e-29	9.53683e-08	2.07095e-07	-7.824639999999999e-32	-1.26321e-28	0.237564	6.4762e-05	-2.61446e-31	202.028	33.0726	0.0119521	0.0587241	0.000136439	0	-1.9573499999999998e-31	0.00034125400000000004	0	-7.52047e-33	-1.14144e-29	-1.9500699999999998e-32	0.0005	0.0763253	
19600	1.96722	3.88957e-06	1.93745e-05	239.262	530.738	223.601	35.9343	2469.97	0.032213099999999995	0.000272029	274.066	0.0804799	1895.93	2754.07	0.183084	0.0760782	6.79966	0.39542	-8.144629999999999e-31	-2.91699e-29	19.9995	-7.301929999999999e-29	9.54622e-08	2.0733000000000002e-07	-7.82878e-32	-1.26402e-28	0.237184	6.46573e-05	-2.61149e-31	202.05200000000002	33.0716	0.0119057	0.0584961	0.000136595	0	-1.95856e-31	0.000341645	0	-1.2375e-32	-1.1410899999999999e-29	-3.51586e-32	0.0005	0.0760782	
19620	1.96722	3.88952e-06	1.9374300000000002e-05	238.815	531.185	223.951	35.8366	2469.97	0.032212700000000004	0.000270762	274.163	0.0802957	1894.13	2755.87	0.18249200000000002	0.07583200000000001	6.79966	0.394515	-8.137659999999999e-31	-2.9145e-29	19.9995	-7.295889999999999e-29	9.5556e-08	2.07565e-07	-7.83362e-32	-1.2648299999999999e-28	0.236806	6.455310000000001e-05	-2.60888e-31	202.075	33.0707	0.0118595	0.058269100000000004	0.000136752	0	-1.9596699999999998e-31	0.000342036	0	-1.55148e-32	-1.14124e-29	-4.05383e-32	0.0005	0.07583200000000001	
19640	1.96722	3.8894599999999995e-06	1.9374e-05	238.368	531.632	224.30200000000002	35.7391	2469.97	0.0322122	0.000269502	274.26099999999997	0.08011180000000001	1892.33	2757.67	0.181901	0.0755866	6.79966	0.39361199999999996	-8.13087e-31	-2.9120799999999997e-29	19.9995	-7.28997e-29	9.56499e-08	2.0780100000000002e-07	-7.838469999999999e-32	-1.2656399999999999e-28	0.236429	6.44492e-05	-2.6062899999999996e-31	202.09799999999998	33.0697	0.011813500000000001	0.05804310000000001	0.00013690799999999998	0	-1.9608199999999998e-31	0.00034242800000000004	0	-1.46917e-32	-1.14166e-29	-3.76943e-32	0.0005	0.0755866	
19660	1.96722	3.889409999999999e-06	1.93737e-05	237.922	532.078	224.65200000000002	35.6419	2469.97	0.0322118	0.00026825	274.358	0.07992819999999999	1890.54	2759.46	0.181313	0.07534199999999999	6.79966	0.39271	-8.12562e-31	-2.91022e-29	19.9995	-7.285749999999999e-29	9.57438e-08	2.08036e-07	-7.84298e-32	-1.2664499999999999e-28	0.23605399999999999	6.43458e-05	-2.6040099999999998e-31	202.12099999999998	33.0687	0.0117677	0.057818100000000004	0.000137064	0	-1.9619999999999999e-31	0.000342819	0	-1.2012399999999998e-32	-1.14194e-29	-3.0451799999999996e-32	0.0005	0.07534199999999999	
19680	1.96722	3.88935e-06	1.93734e-05	237.476	532.524	225.002	35.5449	2469.97	0.0322114	0.000267005	274.455	0.0797448	1888.76	2761.24	0.180726	0.0750983	6.79966	0.391809	-8.121040000000001e-31	-2.90857e-29	19.9995	-7.28148e-29	9.58377e-08	2.08272e-07	-7.84777e-32	-1.26726e-28	0.23568000000000003	6.42428e-05	-2.6015799999999997e-31	202.145	33.0677	0.011722100000000001	0.0575941	0.000137221	0	-1.96322e-31	0.00034321	0	-9.342919999999999e-33	-1.1419899999999999e-29	-2.3585700000000002e-32	0.0005	0.0750983	
19700	1.96722	3.8893e-06	1.93731e-05	237.03099999999998	532.969	225.351	35.4483	2469.97	0.0322109	0.00026576700000000003	274.552	0.0795618	1886.98	2763.02	0.180142	0.0748553	6.79966	0.39091	-8.11594e-31	-2.90671e-29	19.9995	-7.27619e-29	9.59315e-08	2.08507e-07	-7.852769999999999e-32	-1.26807e-28	0.23530700000000002	6.41402e-05	-2.5988099999999996e-31	202.168	33.0668	0.011676700000000002	0.0573712	0.000137377	0	-1.96443e-31	0.00034360099999999997	0	-9.09586e-33	-1.1417999999999999e-29	-2.23618e-32	0.0005	0.0748553	
19720	1.96722	3.88924e-06	1.93729e-05	236.58599999999998	533.414	225.7	35.3518	2469.97	0.0322105	0.000264535	274.64799999999997	0.07937910000000001	1885.21	2764.79	0.179559	0.07461330000000001	6.79966	0.39001199999999997	-8.10938e-31	-2.9043699999999995e-29	19.9995	-7.27051e-29	9.60254e-08	2.0874199999999998e-07	-7.85722e-32	-1.26888e-28	0.234936	6.4038e-05	-2.59604e-31	202.19099999999997	33.0658	0.0116316	0.0571491	0.00013753299999999999	0	-1.9655999999999997e-31	0.000343992	0	-9.8413e-33	-1.1416199999999998e-29	-2.41413e-32	0.0005	0.07461330000000001	
19740	1.96722	3.88918e-06	1.93726e-05	236.142	533.8580000000001	226.049	35.2557	2469.97	0.03221	0.00026331099999999996	274.744	0.0791966	1883.44	2766.56	0.178978	0.07437200000000001	6.79966	0.389115	-8.102600000000001e-31	-2.90195e-29	19.9995	-7.26462e-29	9.61193e-08	2.08978e-07	-7.86186e-32	-1.26968e-28	0.234567	6.393619999999999e-05	-2.59343e-31	202.213	33.0648	0.0115866	0.056928099999999995	0.00013769	0	-1.96673e-31	0.000344383	0	-1.0525500000000001e-32	-1.1415599999999999e-29	-2.62537e-32	0.0005	0.07437200000000001	
19760	1.96722	3.88913e-06	1.93723e-05	235.69799999999998	534.302	226.398	35.1598	2469.97	0.0322096	0.00026209299999999997	274.84	0.0790145	1881.68	2768.32	0.1784	0.0741316	6.79966	0.38822	-8.09598e-31	-2.89959e-29	19.9995	-7.25881e-29	9.621310000000001e-08	2.0921299999999998e-07	-7.866569999999999e-32	-1.27049e-28	0.234199	6.38348e-05	-2.59093e-31	202.236	33.0639	0.0115418	0.056708	0.000137846	0	-1.9678799999999998e-31	0.000344774	0	-1.10016e-32	-1.1416500000000001e-29	-2.81878e-32	0.0005	0.0741316	
19780	1.96722	3.88907e-06	1.9372e-05	235.255	534.745	226.74599999999998	35.0641	2469.97	0.0322091	0.000260883	274.936	0.0788326	1879.93	2770.07	0.177823	0.073892	6.79965	0.387327	-8.09008e-31	-2.89746e-29	19.9995	-7.253319999999999e-29	9.630699999999999e-08	2.09448e-07	-7.871349999999999e-32	-1.2713e-28	0.233832	6.37337e-05	-2.58839e-31	202.25900000000001	33.0629	0.0114972	0.056489	0.000138002	0	-1.96907e-31	0.000345165	0	-1.13507e-32	-1.1418099999999998e-29	-2.9780099999999996e-32	0.0005	0.073892	
19800	1.96722	3.88902e-06	1.93717e-05	234.813	535.187	227.09400000000002	34.9687	2469.97	0.0322087	0.000259679	275.031	0.0786511	1878.18	2771.82	0.177249	0.07365319999999999	6.79965	0.386435	-8.0841e-31	-2.89532e-29	19.9995	-7.24789e-29	9.640089999999999e-08	2.09684e-07	-7.87601e-32	-1.2721e-28	0.233467	6.36331e-05	-2.58572e-31	202.28099999999998	33.0619	0.011452799999999999	0.05627080000000001	0.000138158	0	-1.97027e-31	0.000345556	0	-1.21415e-32	-1.14193e-29	-3.18945e-32	0.0005	0.07365319999999999	
19820	1.96722	3.888959999999999e-06	1.9371500000000002e-05	234.37099999999998	535.629	227.442	34.8736	2469.97	0.0322082	0.00025848099999999997	275.126	0.07846979999999999	1876.43	2773.57	0.176676	0.0734152	6.79965	0.385544	-8.07795e-31	-2.89312e-29	19.9995	-7.242409999999999e-29	9.649469999999999e-08	2.0991900000000002e-07	-7.88063e-32	-1.27291e-28	0.23310300000000003	6.35329e-05	-2.58306e-31	202.304	33.0609	0.0114086	0.05605369999999999	0.000138315	0	-1.97144e-31	0.000345947	0	-1.3051099999999998e-32	-1.1420799999999998e-29	-3.4493099999999995e-32	0.0005	0.0734152	
19840	1.96722	3.8889e-06	1.93712e-05	233.93	536.07	227.78900000000002	34.7787	2469.97	0.032207799999999995	0.000257291	275.221	0.0782888	1874.69	2775.31	0.17610499999999998	0.07317810000000001	6.79965	0.384655	-8.07162e-31	-2.89085e-29	19.9995	-7.23681e-29	9.658860000000001e-08	2.10154e-07	-7.885179999999999e-32	-1.27371e-28	0.23274099999999998	6.3433e-05	-2.58063e-31	202.326	33.06	0.0113646	0.0558375	0.000138471	0	-1.9725799999999997e-31	0.000346338	0	-1.35624e-32	-1.14228e-29	-3.54894e-32	0.0005	0.07317810000000001	
19860	1.96722	3.88885e-06	1.9370899999999998e-05	233.489	536.511	228.136	34.684	2469.97	0.0322073	0.000256107	275.316	0.0781082	1872.96	2777.04	0.175536	0.0729417	6.79965	0.383768	-8.06543e-31	-2.8886399999999995e-29	19.9995	-7.231319999999999e-29	9.668239999999999e-08	2.1039000000000002e-07	-7.889829999999999e-32	-1.27451e-28	0.23238000000000003	6.33336e-05	-2.5784199999999997e-31	202.34900000000002	33.059	0.0113208	0.0556222	0.000138627	0	-1.97372e-31	0.000346729	0	-1.2632299999999997e-32	-1.1425599999999999e-29	-3.17527e-32	0.0005	0.0729417	
19880	1.96722	3.88879e-06	1.93706e-05	233.049	536.951	228.483	34.5896	2469.97	0.032206900000000004	0.00025493	275.41	0.0779278	1871.23	2778.77	0.17497000000000001	0.0727062	6.79965	0.382882	-8.0598e-31	-2.88663e-29	19.9995	-7.22641e-29	9.677630000000001e-08	2.10625e-07	-7.894739999999999e-32	-1.27532e-28	0.23201999999999998	6.323449999999999e-05	-2.57594e-31	202.37099999999998	33.058	0.011277200000000001	0.05540790000000001	0.000138784	0	-1.9749099999999998e-31	0.00034712	0	-9.7067e-33	-1.14278e-29	-2.1965599999999996e-32	0.0005	0.0727062	
19900	1.96722	3.88873e-06	1.93703e-05	232.609	537.391	228.83	34.4955	2469.97	0.0322064	0.000253759	275.504	0.0777477	1869.51	2780.49	0.174405	0.07247139999999999	6.79965	0.381997	-8.054489999999999e-31	-2.8847299999999997e-29	19.9995	-7.2216e-29	9.68702e-08	2.1086e-07	-7.899339999999999e-32	-1.27612e-28	0.23166199999999998	6.31358e-05	-2.57333e-31	202.393	33.0571	0.011233700000000001	0.05519450000000001	0.00013894	0	-1.97611e-31	0.000347511	0	-6.48573e-33	-1.1427299999999999e-29	-1.3198e-32	0.0005	0.07247139999999999	
19920	1.96722	3.888680000000001e-06	1.93701e-05	232.17	537.83	229.176	34.4016	2469.97	0.032206	0.000252595	275.598	0.077568	1867.8	2782.2	0.173842	0.0722375	6.79965	0.381114	-8.04935e-31	-2.88288e-29	19.9995	-7.21695e-29	9.696400000000001e-08	2.11095e-07	-7.903919999999999e-32	-1.27692e-28	0.231305	6.30375e-05	-2.5707299999999997e-31	202.415	33.0561	0.0111905	0.054982100000000006	0.000139096	0	-1.9772799999999998e-31	0.00034790300000000005	0	-5.5977799999999995e-33	-1.1423599999999998e-29	-1.28616e-32	0.0005	0.0722375	
19940	1.96722	3.88862e-06	1.93698e-05	231.731	538.269	229.52200000000002	34.308	2469.97	0.0322055	0.000251437	275.692	0.0773885	1866.09	2783.91	0.173281	0.0720044	6.79965	0.380232	-8.04397e-31	-2.88096e-29	19.9995	-7.21214e-29	9.705789999999999e-08	2.11331e-07	-7.908599999999999e-32	-1.27772e-28	0.23095	6.29395e-05	-2.5682599999999997e-31	202.437	33.0551	0.011147399999999998	0.0547706	0.000139252	0	-1.97843e-31	0.000348294	0	-8.27092e-33	-1.1418099999999998e-29	-2.23877e-32	0.0005	0.0720044	
19960	1.96722	3.88857e-06	1.93695e-05	231.293	538.707	229.868	34.2146	2469.97	0.0322051	0.000250286	275.785	0.07720930000000001	1864.38	2785.62	0.17272200000000001	0.071772	6.79965	0.379352	-8.03816e-31	-2.87887e-29	19.9995	-7.206779999999999e-29	9.71517e-08	2.11566e-07	-7.913419999999999e-32	-1.27852e-28	0.230596	6.284199999999999e-05	-2.5656899999999997e-31	202.459	33.0541	0.011104600000000001	0.054560000000000004	0.000139409	0	-1.9796e-31	0.000348685	0	-1.14157e-32	-1.1415699999999998e-29	-2.9125e-32	0.0005	0.071772	
19980	1.96722	3.88851e-06	1.93692e-05	230.856	539.144	230.213	34.1215	2469.97	0.0322046	0.000249141	275.878	0.0770304	1862.68	2787.32	0.172164	0.07154049999999999	6.79965	0.378473	-8.03212e-31	-2.87671e-29	19.9995	-7.20142e-29	9.72456e-08	2.11801e-07	-7.91783e-32	-1.27932e-28	0.23024299999999998	6.27448e-05	-2.5634499999999997e-31	202.481	33.0532	0.0110619	0.0543504	0.000139565	0	-1.98075e-31	0.000349076	0	-1.45208e-32	-1.1415499999999999e-29	-3.98038e-32	0.0005	0.07154049999999999	
20000	1.96722	3.88845e-06	1.93689e-05	230.419	539.581	230.558	34.0286	2469.97	0.0322042	0.000248002	275.971	0.07685189999999999	1860.99	2789.01	0.17160899999999998	0.0713097	6.79965	0.37759499999999996	-8.02578e-31	-2.87443e-29	19.9995	-7.19567e-29	9.733939999999999e-08	2.12037e-07	-7.92246e-32	-1.28012e-28	0.229892	6.2648e-05	-2.56117e-31	202.502	33.0522	0.0110194	0.05414159999999999	0.000139721	0	-1.98191e-31	0.00034946699999999995	0	-1.54694e-32	-1.1419e-29	-4.19995e-32	0.0005	0.0713097	
